Edge	0	4	4	1	1	0	73546	-1
	Sequence	+edge_1_0_+disjointig_1_13_726 713 1 48471 13 726
	Sequence	-edge_1_0_+disjointig_1_13_726 713 -1 48471 47744 48457
	Sequence	+edge_1_1_+disjointig_1_726_1329 603 1 48471 726 1329
	Sequence	-edge_1_1_+disjointig_1_726_1329 603 -1 48471 47141 47744
	Sequence	+edge_1_2_+disjointig_1_1329_1987 658 1 48471 1329 1987
	Sequence	-edge_1_2_+disjointig_1_1329_1987 658 -1 48471 46483 47141
	Sequence	+edge_1_3_+disjointig_1_1987_2569 582 1 48471 1987 2569
	Sequence	-edge_1_3_+disjointig_1_1987_2569 582 -1 48471 45901 46483
	Sequence	+edge_1_4_+disjointig_1_2569_3249 680 1 48471 2569 3249
	Sequence	-edge_1_4_+disjointig_1_2569_3249 680 -1 48471 45221 45901
	Sequence	+edge_1_5_+disjointig_1_3249_3829 580 1 48471 3249 3829
	Sequence	-edge_1_5_+disjointig_1_3249_3829 580 -1 48471 44641 45221
	Sequence	+edge_1_6_+disjointig_1_3829_4489 660 1 48471 3829 4489
	Sequence	-edge_1_6_+disjointig_1_3829_4489 660 -1 48471 43981 44641
	Sequence	+edge_1_7_+disjointig_1_4489_5030 541 1 48471 4489 5030
	Sequence	-edge_1_7_+disjointig_1_4489_5030 541 -1 48471 43440 43981
	Sequence	+edge_1_8_+disjointig_1_5030_5741 711 1 48471 5030 5741
	Sequence	-edge_1_8_+disjointig_1_5030_5741 711 -1 48471 42729 43440
	Sequence	+edge_1_9_+disjointig_1_5741_6343 602 1 48471 5741 6343
	Sequence	-edge_1_9_+disjointig_1_5741_6343 602 -1 48471 42127 42729
	Sequence	+edge_1_10_+disjointig_1_6343_7001 658 1 48471 6343 7001
	Sequence	-edge_1_10_+disjointig_1_6343_7001 658 -1 48471 41469 42127
	Sequence	+edge_1_11_+disjointig_1_7001_7605 604 1 48471 7001 7605
	Sequence	-edge_1_11_+disjointig_1_7001_7605 604 -1 48471 40865 41469
	Sequence	+edge_1_12_+disjointig_1_7605_8263 658 1 48471 7605 8263
	Sequence	-edge_1_12_+disjointig_1_7605_8263 658 -1 48471 40207 40865
	Sequence	+edge_1_13_+disjointig_1_8263_8867 604 1 48471 8263 8867
	Sequence	-edge_1_13_+disjointig_1_8263_8867 604 -1 48471 39603 40207
	Sequence	+edge_1_14_+disjointig_1_8867_9525 658 1 48471 8867 9525
	Sequence	-edge_1_14_+disjointig_1_8867_9525 658 -1 48471 38945 39603
	Sequence	+edge_1_15_+disjointig_1_9525_10129 604 1 48471 9525 10129
	Sequence	-edge_1_15_+disjointig_1_9525_10129 604 -1 48471 38341 38945
	Sequence	+edge_1_16_+disjointig_1_10129_10787 658 1 48471 10129 10787
	Sequence	-edge_1_16_+disjointig_1_10129_10787 658 -1 48471 37683 38341
	Sequence	+edge_1_17_+disjointig_1_10787_11391 604 1 48471 10787 11391
	Sequence	-edge_1_17_+disjointig_1_10787_11391 604 -1 48471 37079 37683
	Sequence	+edge_1_18_+disjointig_1_11391_12049 658 1 48471 11391 12049
	Sequence	-edge_1_18_+disjointig_1_11391_12049 658 -1 48471 36421 37079
	Sequence	+edge_1_19_+disjointig_1_12049_12595 546 1 48471 12049 12595
	Sequence	-edge_1_19_+disjointig_1_12049_12595 546 -1 48471 35875 36421
	Sequence	+edge_1_20_+disjointig_1_12595_13309 714 1 48471 12595 13309
	Sequence	-edge_1_20_+disjointig_1_12595_13309 714 -1 48471 35161 35875
	Sequence	+edge_1_21_+disjointig_1_13309_13833 524 1 48471 13309 13833
	Sequence	-edge_1_21_+disjointig_1_13309_13833 524 -1 48471 34637 35161
	Sequence	+edge_1_22_+disjointig_1_13833_14366 533 1 48471 13833 14366
	Sequence	-edge_1_22_+disjointig_1_13833_14366 533 -1 48471 34104 34637
	Sequence	+edge_1_23_+disjointig_1_14366_14899 533 1 48471 14366 14899
	Sequence	-edge_1_23_+disjointig_1_14366_14899 533 -1 48471 33571 34104
	Sequence	+edge_1_24_+disjointig_1_14899_15434 535 1 48471 14899 15434
	Sequence	-edge_1_24_+disjointig_1_14899_15434 535 -1 48471 33036 33571
	Sequence	+edge_1_25_+disjointig_1_15434_15944 510 1 48471 15434 15944
	Sequence	-edge_1_25_+disjointig_1_15434_15944 510 -1 48471 32526 33036
	Sequence	+edge_1_26_+disjointig_1_15944_16616 672 1 48471 15944 16616
	Sequence	-edge_1_26_+disjointig_1_15944_16616 672 -1 48471 31854 32526
	Sequence	+edge_1_27_+disjointig_1_16616_17179 563 1 48471 16616 17179
	Sequence	-edge_1_27_+disjointig_1_16616_17179 563 -1 48471 31291 31854
	Sequence	+edge_1_28_+disjointig_1_17179_17850 671 1 48471 17179 17850
	Sequence	-edge_1_28_+disjointig_1_17179_17850 671 -1 48471 30620 31291
	Sequence	+edge_1_29_+disjointig_1_21228_21741 513 1 48471 21228 21741
	Sequence	-edge_1_29_+disjointig_1_21228_21741 513 -1 48471 26729 27242
	Sequence	+edge_1_30_+disjointig_1_21741_22254 513 1 48471 21741 22254
	Sequence	-edge_1_30_+disjointig_1_21741_22254 513 -1 48471 26216 26729
	Sequence	+edge_1_31_+disjointig_1_22254_22767 513 1 48471 22254 22767
	Sequence	-edge_1_31_+disjointig_1_22254_22767 513 -1 48471 25703 26216
	Sequence	+edge_1_32_+disjointig_1_22767_23280 513 1 48471 22767 23280
	Sequence	-edge_1_32_+disjointig_1_22767_23280 513 -1 48471 25190 25703
	Sequence	+edge_1_33_+disjointig_1_23280_23793 513 1 48471 23280 23793
	Sequence	-edge_1_33_+disjointig_1_23280_23793 513 -1 48471 24677 25190
	Sequence	+edge_1_34_+disjointig_1_23793_24306 513 1 48471 23793 24306
	Sequence	-edge_1_34_+disjointig_1_23793_24306 513 -1 48471 24164 24677
	Sequence	+edge_1_35_+disjointig_1_24306_24819 513 1 48471 24306 24819
	Sequence	-edge_1_35_+disjointig_1_24306_24819 513 -1 48471 23651 24164
	Sequence	+edge_1_36_+disjointig_1_24819_25334 515 1 48471 24819 25334
	Sequence	-edge_1_36_+disjointig_1_24819_25334 515 -1 48471 23136 23651
	Sequence	+edge_1_37_+disjointig_1_25334_25872 538 1 48471 25334 25872
	Sequence	-edge_1_37_+disjointig_1_25334_25872 538 -1 48471 22598 23136
	Sequence	+edge_1_38_+disjointig_1_25872_26464 592 1 48471 25872 26464
	Sequence	-edge_1_38_+disjointig_1_25872_26464 592 -1 48471 22006 22598
	Sequence	+edge_1_39_+disjointig_1_26464_27056 592 1 48471 26464 27056
	Sequence	-edge_1_39_+disjointig_1_26464_27056 592 -1 48471 21414 22006
	Sequence	+edge_1_40_+disjointig_1_27056_27648 592 1 48471 27056 27648
	Sequence	-edge_1_40_+disjointig_1_27056_27648 592 -1 48471 20822 21414
	Sequence	+edge_1_41_+disjointig_1_27648_28240 592 1 48471 27648 28240
	Sequence	-edge_1_41_+disjointig_1_27648_28240 592 -1 48471 20230 20822
	Sequence	+edge_1_42_+disjointig_1_28240_28835 595 1 48471 28240 28835
	Sequence	-edge_1_42_+disjointig_1_28240_28835 595 -1 48471 19635 20230
	Sequence	+edge_1_43_+disjointig_1_33488_34151 663 1 48471 33488 34151
	Sequence	-edge_1_43_+disjointig_1_33488_34151 663 -1 48471 14319 14982
	Sequence	+edge_1_44_+disjointig_1_34151_34662 511 1 48471 34151 34662
	Sequence	-edge_1_44_+disjointig_1_34151_34662 511 -1 48471 13808 14319
	Sequence	+edge_1_45_+disjointig_1_34662_35173 511 1 48471 34662 35173
	Sequence	-edge_1_45_+disjointig_1_34662_35173 511 -1 48471 13297 13808
	Sequence	+edge_1_46_+disjointig_1_35173_35684 511 1 48471 35173 35684
	Sequence	-edge_1_46_+disjointig_1_35173_35684 511 -1 48471 12786 13297
	Sequence	+edge_1_47_+disjointig_1_35684_36195 511 1 48471 35684 36195
	Sequence	-edge_1_47_+disjointig_1_35684_36195 511 -1 48471 12275 12786
	Sequence	+edge_1_48_+disjointig_1_36195_36706 511 1 48471 36195 36706
	Sequence	-edge_1_48_+disjointig_1_36195_36706 511 -1 48471 11764 12275
	Sequence	+edge_1_49_+disjointig_1_36706_37217 511 1 48471 36706 37217
	Sequence	-edge_1_49_+disjointig_1_36706_37217 511 -1 48471 11253 11764
	Sequence	+edge_1_50_+disjointig_1_37217_37728 511 1 48471 37217 37728
	Sequence	-edge_1_50_+disjointig_1_37217_37728 511 -1 48471 10742 11253
	Sequence	+edge_1_51_+disjointig_1_37728_38239 511 1 48471 37728 38239
	Sequence	-edge_1_51_+disjointig_1_37728_38239 511 -1 48471 10231 10742
	Sequence	+edge_1_52_+disjointig_1_38239_38750 511 1 48471 38239 38750
	Sequence	-edge_1_52_+disjointig_1_38239_38750 511 -1 48471 9720 10231
	Sequence	+edge_1_53_+disjointig_1_38750_39261 511 1 48471 38750 39261
	Sequence	-edge_1_53_+disjointig_1_38750_39261 511 -1 48471 9209 9720
	Sequence	+edge_1_54_+disjointig_1_39261_39772 511 1 48471 39261 39772
	Sequence	-edge_1_54_+disjointig_1_39261_39772 511 -1 48471 8698 9209
	Sequence	+edge_1_55_+disjointig_1_39772_40283 511 1 48471 39772 40283
	Sequence	-edge_1_55_+disjointig_1_39772_40283 511 -1 48471 8187 8698
	Sequence	+edge_1_56_+disjointig_1_40283_40794 511 1 48471 40283 40794
	Sequence	-edge_1_56_+disjointig_1_40283_40794 511 -1 48471 7676 8187
	Sequence	+edge_1_57_+disjointig_1_40794_41305 511 1 48471 40794 41305
	Sequence	-edge_1_57_+disjointig_1_40794_41305 511 -1 48471 7165 7676
	Sequence	+edge_1_58_+disjointig_1_41305_41816 511 1 48471 41305 41816
	Sequence	-edge_1_58_+disjointig_1_41305_41816 511 -1 48471 6654 7165
	Sequence	+edge_1_59_+disjointig_1_41816_42327 511 1 48471 41816 42327
	Sequence	-edge_1_59_+disjointig_1_41816_42327 511 -1 48471 6143 6654
	Sequence	+edge_1_60_+disjointig_1_42327_42838 511 1 48471 42327 42838
	Sequence	-edge_1_60_+disjointig_1_42327_42838 511 -1 48471 5632 6143
	Sequence	+edge_1_61_+disjointig_1_43349_43860 511 1 48471 43349 43860
	Sequence	-edge_1_61_+disjointig_1_43349_43860 511 -1 48471 4610 5121
	Sequence	+edge_1_62_+disjointig_1_43860_44371 511 1 48471 43860 44371
	Sequence	-edge_1_62_+disjointig_1_43860_44371 511 -1 48471 4099 4610
	Sequence	+edge_1_63_+disjointig_1_44371_44882 511 1 48471 44371 44882
	Sequence	-edge_1_63_+disjointig_1_44371_44882 511 -1 48471 3588 4099
	Sequence	+edge_1_64_+disjointig_1_44882_45393 511 1 48471 44882 45393
	Sequence	-edge_1_64_+disjointig_1_44882_45393 511 -1 48471 3077 3588
	Sequence	+edge_1_65_+disjointig_1_45393_45904 511 1 48471 45393 45904
	Sequence	-edge_1_65_+disjointig_1_45393_45904 511 -1 48471 2566 3077
	Sequence	+edge_1_66_+disjointig_1_45904_46415 511 1 48471 45904 46415
	Sequence	-edge_1_66_+disjointig_1_45904_46415 511 -1 48471 2055 2566
	Sequence	+edge_1_67_+disjointig_1_46415_46926 511 1 48471 46415 46926
	Sequence	-edge_1_67_+disjointig_1_46415_46926 511 -1 48471 1544 2055
	Sequence	+edge_1_68_+disjointig_1_46926_47437 511 1 48471 46926 47437
	Sequence	-edge_1_68_+disjointig_1_46926_47437 511 -1 48471 1033 1544
	Sequence	+edge_1_69_+disjointig_1_47437_47948 511 1 48471 47437 47948
	Sequence	-edge_1_69_+disjointig_1_47437_47948 511 -1 48471 522 1033
	Sequence	+edge_1_70_+disjointig_1_47948_48464 516 1 48471 47948 48464
	Sequence	-edge_1_70_+disjointig_1_47948_48464 516 -1 48471 6 522
	Sequence	+edge_1_71_+disjointig_13_27_1024 997 2 32777 27 1024
	Sequence	-edge_1_71_+disjointig_13_27_1024 997 -2 32777 31752 32749
	Sequence	+edge_1_72_+disjointig_13_1024_1604 580 2 32777 1024 1604
	Sequence	-edge_1_72_+disjointig_13_1024_1604 580 -2 32777 31172 31752
	Sequence	+edge_1_73_+disjointig_13_1604_2184 580 2 32777 1604 2184
	Sequence	-edge_1_73_+disjointig_13_1604_2184 580 -2 32777 30592 31172
	Sequence	+edge_1_74_+disjointig_13_2184_2764 580 2 32777 2184 2764
	Sequence	-edge_1_74_+disjointig_13_2184_2764 580 -2 32777 30012 30592
	Sequence	+edge_1_75_+disjointig_13_2764_3346 582 2 32777 2764 3346
	Sequence	-edge_1_75_+disjointig_13_2764_3346 582 -2 32777 29430 30012
	Sequence	+edge_1_76_+disjointig_13_3346_3849 503 2 32777 3346 3849
	Sequence	-edge_1_76_+disjointig_13_3346_3849 503 -2 32777 28927 29430
	Sequence	+edge_1_77_+disjointig_13_3849_4441 592 2 32777 3849 4441
	Sequence	-edge_1_77_+disjointig_13_3849_4441 592 -2 32777 28335 28927
	Sequence	+edge_1_78_+disjointig_13_4441_5033 592 2 32777 4441 5033
	Sequence	-edge_1_78_+disjointig_13_4441_5033 592 -2 32777 27743 28335
	Sequence	+edge_1_79_+disjointig_13_5033_5625 592 2 32777 5033 5625
	Sequence	-edge_1_79_+disjointig_13_5033_5625 592 -2 32777 27151 27743
	Sequence	+edge_1_80_+disjointig_13_5625_6402 777 2 32777 5625 6402
	Sequence	-edge_1_80_+disjointig_13_5625_6402 777 -2 32777 26374 27151
	Sequence	+edge_1_81_+disjointig_13_7617_8134 517 2 32777 7617 8134
	Sequence	-edge_1_81_+disjointig_13_7617_8134 517 -2 32777 24642 25159
	Sequence	+edge_1_82_+disjointig_13_8134_8651 517 2 32777 8134 8651
	Sequence	-edge_1_82_+disjointig_13_8134_8651 517 -2 32777 24125 24642
	Sequence	+edge_1_83_+disjointig_13_8651_9168 517 2 32777 8651 9168
	Sequence	-edge_1_83_+disjointig_13_8651_9168 517 -2 32777 23608 24125
	Sequence	+edge_1_84_+disjointig_13_9168_9685 517 2 32777 9168 9685
	Sequence	-edge_1_84_+disjointig_13_9168_9685 517 -2 32777 23091 23608
	Sequence	+edge_1_85_+disjointig_13_9685_10202 517 2 32777 9685 10202
	Sequence	-edge_1_85_+disjointig_13_9685_10202 517 -2 32777 22574 23091
	Sequence	+edge_1_86_+disjointig_13_10202_10719 517 2 32777 10202 10719
	Sequence	-edge_1_86_+disjointig_13_10202_10719 517 -2 32777 22057 22574
	Sequence	+edge_1_87_+disjointig_13_10719_11236 517 2 32777 10719 11236
	Sequence	-edge_1_87_+disjointig_13_10719_11236 517 -2 32777 21540 22057
	Sequence	+edge_1_88_+disjointig_13_11236_11753 517 2 32777 11236 11753
	Sequence	-edge_1_88_+disjointig_13_11236_11753 517 -2 32777 21023 21540
	Sequence	+edge_1_89_+disjointig_13_11753_12270 517 2 32777 11753 12270
	Sequence	-edge_1_89_+disjointig_13_11753_12270 517 -2 32777 20506 21023
	Sequence	+edge_1_90_+disjointig_13_12270_12787 517 2 32777 12270 12787
	Sequence	-edge_1_90_+disjointig_13_12270_12787 517 -2 32777 19989 20506
	Sequence	+edge_1_91_+disjointig_13_12787_13313 526 2 32777 12787 13313
	Sequence	-edge_1_91_+disjointig_13_12787_13313 526 -2 32777 19463 19989
	Sequence	+edge_1_92_+disjointig_13_14732_15434 702 2 32777 14732 15434
	Sequence	-edge_1_92_+disjointig_13_14732_15434 702 -2 32777 17342 18044
	Sequence	+edge_1_93_+disjointig_13_15434_16128 694 2 32777 15434 16128
	Sequence	-edge_1_93_+disjointig_13_15434_16128 694 -2 32777 16648 17342
	Sequence	+edge_1_94_+disjointig_13_16128_16652 524 2 32777 16128 16652
	Sequence	-edge_1_94_+disjointig_13_16128_16652 524 -2 32777 16124 16648
	Sequence	+edge_1_95_+disjointig_13_16652_17162 510 2 32777 16652 17162
	Sequence	-edge_1_95_+disjointig_13_16652_17162 510 -2 32777 15614 16124
	Sequence	+edge_1_96_+disjointig_13_19708_20230 522 2 32777 19708 20230
	Sequence	-edge_1_96_+disjointig_13_19708_20230 522 -2 32777 12546 13068
	Sequence	+edge_1_97_+disjointig_13_20230_20752 522 2 32777 20230 20752
	Sequence	-edge_1_97_+disjointig_13_20230_20752 522 -2 32777 12024 12546
	Sequence	+edge_1_98_+disjointig_13_20752_21274 522 2 32777 20752 21274
	Sequence	-edge_1_98_+disjointig_13_20752_21274 522 -2 32777 11502 12024
	Sequence	+edge_1_99_+disjointig_13_21274_21796 522 2 32777 21274 21796
	Sequence	-edge_1_99_+disjointig_13_21274_21796 522 -2 32777 10980 11502
	Sequence	+edge_1_100_+disjointig_13_21796_22318 522 2 32777 21796 22318
	Sequence	-edge_1_100_+disjointig_13_21796_22318 522 -2 32777 10458 10980
	Sequence	+edge_1_101_+disjointig_13_22318_22840 522 2 32777 22318 22840
	Sequence	-edge_1_101_+disjointig_13_22318_22840 522 -2 32777 9936 10458
	Sequence	+edge_1_102_+disjointig_13_22840_23362 522 2 32777 22840 23362
	Sequence	-edge_1_102_+disjointig_13_22840_23362 522 -2 32777 9414 9936
	Sequence	+edge_1_103_+disjointig_13_23362_23884 522 2 32777 23362 23884
	Sequence	-edge_1_103_+disjointig_13_23362_23884 522 -2 32777 8892 9414
	Sequence	+edge_1_104_+disjointig_13_23884_24406 522 2 32777 23884 24406
	Sequence	-edge_1_104_+disjointig_13_23884_24406 522 -2 32777 8370 8892
	Sequence	+edge_1_105_+disjointig_13_24406_24928 522 2 32777 24406 24928
	Sequence	-edge_1_105_+disjointig_13_24406_24928 522 -2 32777 7848 8370
	Sequence	+edge_1_106_+disjointig_13_24928_25450 522 2 32777 24928 25450
	Sequence	-edge_1_106_+disjointig_13_24928_25450 522 -2 32777 7326 7848
	Sequence	+edge_1_107_+disjointig_13_25450_25972 522 2 32777 25450 25972
	Sequence	-edge_1_107_+disjointig_13_25450_25972 522 -2 32777 6804 7326
	Sequence	+edge_1_108_+disjointig_13_25972_26494 522 2 32777 25972 26494
	Sequence	-edge_1_108_+disjointig_13_25972_26494 522 -2 32777 6282 6804
	Sequence	+edge_1_109_+disjointig_13_26494_27016 522 2 32777 26494 27016
	Sequence	-edge_1_109_+disjointig_13_26494_27016 522 -2 32777 5760 6282
	Sequence	+edge_1_110_+disjointig_13_27016_27538 522 2 32777 27016 27538
	Sequence	-edge_1_110_+disjointig_13_27016_27538 522 -2 32777 5238 5760
	Sequence	+edge_1_111_+disjointig_13_27538_28060 522 2 32777 27538 28060
	Sequence	-edge_1_111_+disjointig_13_27538_28060 522 -2 32777 4716 5238
	Sequence	+edge_1_112_+disjointig_13_28060_28582 522 2 32777 28060 28582
	Sequence	-edge_1_112_+disjointig_13_28060_28582 522 -2 32777 4194 4716
	Sequence	+edge_1_113_+disjointig_13_28582_29104 522 2 32777 28582 29104
	Sequence	-edge_1_113_+disjointig_13_28582_29104 522 -2 32777 3672 4194
	Sequence	+edge_1_114_+disjointig_13_29104_29626 522 2 32777 29104 29626
	Sequence	-edge_1_114_+disjointig_13_29104_29626 522 -2 32777 3150 3672
	Sequence	+edge_1_115_+disjointig_13_29626_30148 522 2 32777 29626 30148
	Sequence	-edge_1_115_+disjointig_13_29626_30148 522 -2 32777 2628 3150
	Sequence	+edge_1_116_+disjointig_13_30148_30682 534 2 32777 30148 30682
	Sequence	-edge_1_116_+disjointig_13_30148_30682 534 -2 32777 2094 2628
	Sequence	+edge_1_117_+disjointig_13_30682_31431 749 2 32777 30682 31431
	Sequence	-edge_1_117_+disjointig_13_30682_31431 749 -2 32777 1345 2094
	Sequence	+edge_1_118_+disjointig_13_31431_32099 668 2 32777 31431 32099
	Sequence	-edge_1_118_+disjointig_13_31431_32099 668 -2 32777 677 1345
	Sequence	+edge_1_119_+disjointig_13_32099_32768 669 2 32777 32099 32768
	Sequence	-edge_1_119_+disjointig_13_32099_32768 669 -2 32777 8 677
	Sequence	+edge_1_120_+disjointig_21_5_517 512 4 20291 5 517
	Sequence	-edge_1_120_+disjointig_21_5_517 512 -4 20291 19773 20285
	Sequence	+edge_1_121_+disjointig_21_517_1029 512 4 20291 517 1029
	Sequence	-edge_1_121_+disjointig_21_517_1029 512 -4 20291 19261 19773
	Sequence	+edge_1_122_+disjointig_21_1029_1541 512 4 20291 1029 1541
	Sequence	-edge_1_122_+disjointig_21_1029_1541 512 -4 20291 18749 19261
	Sequence	+edge_1_123_+disjointig_21_1541_2053 512 4 20291 1541 2053
	Sequence	-edge_1_123_+disjointig_21_1541_2053 512 -4 20291 18237 18749
	Sequence	+edge_1_124_+disjointig_21_2053_2565 512 4 20291 2053 2565
	Sequence	-edge_1_124_+disjointig_21_2053_2565 512 -4 20291 17725 18237
	Sequence	+edge_1_125_+disjointig_21_2565_3077 512 4 20291 2565 3077
	Sequence	-edge_1_125_+disjointig_21_2565_3077 512 -4 20291 17213 17725
	Sequence	+edge_1_126_+disjointig_21_3077_3589 512 4 20291 3077 3589
	Sequence	-edge_1_126_+disjointig_21_3077_3589 512 -4 20291 16701 17213
	Sequence	+edge_1_127_+disjointig_21_3589_4101 512 4 20291 3589 4101
	Sequence	-edge_1_127_+disjointig_21_3589_4101 512 -4 20291 16189 16701
	Sequence	+edge_1_128_+disjointig_21_4101_4613 512 4 20291 4101 4613
	Sequence	-edge_1_128_+disjointig_21_4101_4613 512 -4 20291 15677 16189
	Sequence	+edge_1_129_+disjointig_21_4613_5125 512 4 20291 4613 5125
	Sequence	-edge_1_129_+disjointig_21_4613_5125 512 -4 20291 15165 15677
	Sequence	+edge_1_130_+disjointig_21_5125_5637 512 4 20291 5125 5637
	Sequence	-edge_1_130_+disjointig_21_5125_5637 512 -4 20291 14653 15165
	Sequence	+edge_1_131_+disjointig_21_5637_6149 512 4 20291 5637 6149
	Sequence	-edge_1_131_+disjointig_21_5637_6149 512 -4 20291 14141 14653
	Sequence	+edge_1_132_+disjointig_21_6149_6661 512 4 20291 6149 6661
	Sequence	-edge_1_132_+disjointig_21_6149_6661 512 -4 20291 13629 14141
	Sequence	+edge_1_133_+disjointig_21_6661_7173 512 4 20291 6661 7173
	Sequence	-edge_1_133_+disjointig_21_6661_7173 512 -4 20291 13117 13629
	Sequence	+edge_1_134_+disjointig_21_7173_7685 512 4 20291 7173 7685
	Sequence	-edge_1_134_+disjointig_21_7173_7685 512 -4 20291 12605 13117
	Sequence	+edge_1_135_+disjointig_21_7685_8197 512 4 20291 7685 8197
	Sequence	-edge_1_135_+disjointig_21_7685_8197 512 -4 20291 12093 12605
	Sequence	+edge_1_136_+disjointig_21_8197_8709 512 4 20291 8197 8709
	Sequence	-edge_1_136_+disjointig_21_8197_8709 512 -4 20291 11581 12093
	Sequence	+edge_1_137_+disjointig_21_8709_9221 512 4 20291 8709 9221
	Sequence	-edge_1_137_+disjointig_21_8709_9221 512 -4 20291 11069 11581
	Sequence	+edge_1_138_+disjointig_21_9221_9733 512 4 20291 9221 9733
	Sequence	-edge_1_138_+disjointig_21_9221_9733 512 -4 20291 10557 11069
	Sequence	+edge_1_139_+disjointig_21_9733_10245 512 4 20291 9733 10245
	Sequence	-edge_1_139_+disjointig_21_9733_10245 512 -4 20291 10045 10557
	Sequence	+edge_1_140_+disjointig_21_10245_10763 518 4 20291 10245 10763
	Sequence	-edge_1_140_+disjointig_21_10245_10763 518 -4 20291 9527 10045
	Sequence	+edge_1_141_+disjointig_21_10763_11521 758 4 20291 10763 11521
	Sequence	-edge_1_141_+disjointig_21_10763_11521 758 -4 20291 8769 9527
	Sequence	+edge_1_142_+disjointig_21_11521_12102 581 4 20291 11521 12102
	Sequence	-edge_1_142_+disjointig_21_11521_12102 581 -4 20291 8188 8769
	Sequence	+edge_1_143_+disjointig_21_12102_12724 622 4 20291 12102 12724
	Sequence	-edge_1_143_+disjointig_21_12102_12724 622 -4 20291 7566 8188
	Sequence	+edge_1_144_+disjointig_21_12724_13363 639 4 20291 12724 13363
	Sequence	-edge_1_144_+disjointig_21_12724_13363 639 -4 20291 6927 7566
	Sequence	+edge_1_145_+disjointig_21_13363_13909 546 4 20291 13363 13909
	Sequence	-edge_1_145_+disjointig_21_13363_13909 546 -4 20291 6381 6927
	Sequence	+edge_1_146_+disjointig_21_13909_14440 531 4 20291 13909 14440
	Sequence	-edge_1_146_+disjointig_21_13909_14440 531 -4 20291 5850 6381
	Sequence	+edge_1_147_+disjointig_21_14440_14971 531 4 20291 14440 14971
	Sequence	-edge_1_147_+disjointig_21_14440_14971 531 -4 20291 5319 5850
	Sequence	+edge_1_148_+disjointig_21_14971_15502 531 4 20291 14971 15502
	Sequence	-edge_1_148_+disjointig_21_14971_15502 531 -4 20291 4788 5319
	Sequence	+edge_1_149_+disjointig_21_15502_16033 531 4 20291 15502 16033
	Sequence	-edge_1_149_+disjointig_21_15502_16033 531 -4 20291 4257 4788
	Sequence	+edge_1_150_+disjointig_21_16033_16564 531 4 20291 16033 16564
	Sequence	-edge_1_150_+disjointig_21_16033_16564 531 -4 20291 3726 4257
	Sequence	+edge_1_151_+disjointig_21_16564_17095 531 4 20291 16564 17095
	Sequence	-edge_1_151_+disjointig_21_16564_17095 531 -4 20291 3195 3726
	Sequence	+edge_1_152_+disjointig_21_17095_17626 531 4 20291 17095 17626
	Sequence	-edge_1_152_+disjointig_21_17095_17626 531 -4 20291 2664 3195
	Sequence	+edge_1_153_+disjointig_21_17626_18157 531 4 20291 17626 18157
	Sequence	-edge_1_153_+disjointig_21_17626_18157 531 -4 20291 2133 2664
	Sequence	+edge_1_154_+disjointig_21_18157_18688 531 4 20291 18157 18688
	Sequence	-edge_1_154_+disjointig_21_18157_18688 531 -4 20291 1602 2133
	Sequence	+edge_1_155_+disjointig_21_18688_19219 531 4 20291 18688 19219
	Sequence	-edge_1_155_+disjointig_21_18688_19219 531 -4 20291 1071 1602
	Sequence	+edge_1_156_+disjointig_21_19219_19750 531 4 20291 19219 19750
	Sequence	-edge_1_156_+disjointig_21_19219_19750 531 -4 20291 540 1071
	Sequence	+edge_1_157_+disjointig_21_19750_20289 539 4 20291 19750 20289
	Sequence	-edge_1_157_+disjointig_21_19750_20289 539 -4 20291 1 540
	Sequence	+edge_1_158_+disjointig_22_516_1092 576 5 8042 516 1092
	Sequence	-edge_1_158_+disjointig_22_516_1092 576 -5 8042 6949 7525
	Sequence	+edge_1_159_+disjointig_22_1092_1656 564 5 8042 1092 1656
	Sequence	-edge_1_159_+disjointig_22_1092_1656 564 -5 8042 6385 6949
	Sequence	+edge_1_160_+disjointig_22_1656_2221 565 5 8042 1656 2221
	Sequence	-edge_1_160_+disjointig_22_1656_2221 565 -5 8042 5820 6385
	Sequence	+edge_1_161_+disjointig_22_2221_2767 546 5 8042 2221 2767
	Sequence	-edge_1_161_+disjointig_22_2221_2767 546 -5 8042 5274 5820
	Sequence	+edge_1_162_+disjointig_22_2767_3333 566 5 8042 2767 3333
	Sequence	-edge_1_162_+disjointig_22_2767_3333 566 -5 8042 4708 5274
	Sequence	+edge_1_163_+disjointig_22_3333_3899 566 5 8042 3333 3899
	Sequence	-edge_1_163_+disjointig_22_3333_3899 566 -5 8042 4142 4708
	Sequence	+edge_1_164_+disjointig_22_3899_4467 568 5 8042 3899 4467
	Sequence	-edge_1_164_+disjointig_22_3899_4467 568 -5 8042 3574 4142
	Sequence	+edge_1_165_+disjointig_22_4467_5020 553 5 8042 4467 5020
	Sequence	-edge_1_165_+disjointig_22_4467_5020 553 -5 8042 3021 3574
	Sequence	+edge_1_166_+disjointig_22_5020_5657 637 5 8042 5020 5657
	Sequence	-edge_1_166_+disjointig_22_5020_5657 637 -5 8042 2384 3021
	Sequence	+edge_1_167_+disjointig_22_5657_6294 637 5 8042 5657 6294
	Sequence	-edge_1_167_+disjointig_22_5657_6294 637 -5 8042 1747 2384
	Sequence	+edge_1_168_+disjointig_22_6294_6933 639 5 8042 6294 6933
	Sequence	-edge_1_168_+disjointig_22_6294_6933 639 -5 8042 1108 1747
	Sequence	+edge_1_169_+disjointig_22_6933_7434 501 5 8042 6933 7434
	Sequence	-edge_1_169_+disjointig_22_6933_7434 501 -5 8042 607 1108
	Sequence	+edge_1_170_+disjointig_22_7434_8009 575 5 8042 7434 8009
	Sequence	-edge_1_170_+disjointig_22_7434_8009 575 -5 8042 32 607
	Sequence	+edge_1_171_+disjointig_3_370_992 622 7 11428 370 992
	Sequence	-edge_1_171_+disjointig_3_370_992 622 -7 11428 10435 11057
	Sequence	+edge_1_172_+disjointig_3_992_1614 622 7 11428 992 1614
	Sequence	-edge_1_172_+disjointig_3_992_1614 622 -7 11428 9813 10435
	Sequence	+edge_1_173_+disjointig_3_1614_2236 622 7 11428 1614 2236
	Sequence	-edge_1_173_+disjointig_3_1614_2236 622 -7 11428 9191 9813
	Sequence	+edge_1_174_+disjointig_3_2236_2858 622 7 11428 2236 2858
	Sequence	-edge_1_174_+disjointig_3_2236_2858 622 -7 11428 8569 9191
	Sequence	+edge_1_175_+disjointig_3_2858_3752 894 7 11428 2858 3752
	Sequence	-edge_1_175_+disjointig_3_2858_3752 894 -7 11428 7675 8569
	Sequence	+edge_1_176_+disjointig_3_3752_4595 843 7 11428 3752 4595
	Sequence	-edge_1_176_+disjointig_3_3752_4595 843 -7 11428 6832 7675
	Sequence	+edge_1_177_+disjointig_3_4595_5202 607 7 11428 4595 5202
	Sequence	-edge_1_177_+disjointig_3_4595_5202 607 -7 11428 6225 6832
	Sequence	+edge_1_178_+disjointig_3_5202_5809 607 7 11428 5202 5809
	Sequence	-edge_1_178_+disjointig_3_5202_5809 607 -7 11428 5618 6225
	Sequence	+edge_1_179_+disjointig_3_5809_6416 607 7 11428 5809 6416
	Sequence	-edge_1_179_+disjointig_3_5809_6416 607 -7 11428 5011 5618
	Sequence	+edge_1_180_+disjointig_3_6416_7025 609 7 11428 6416 7025
	Sequence	-edge_1_180_+disjointig_3_6416_7025 609 -7 11428 4402 5011
	Sequence	+edge_1_181_+disjointig_3_7025_7714 689 7 11428 7025 7714
	Sequence	-edge_1_181_+disjointig_3_7025_7714 689 -7 11428 3713 4402
	Sequence	+edge_1_182_+disjointig_3_7714_8228 514 7 11428 7714 8228
	Sequence	-edge_1_182_+disjointig_3_7714_8228 514 -7 11428 3199 3713
	Sequence	+edge_1_183_+disjointig_3_8228_8742 514 7 11428 8228 8742
	Sequence	-edge_1_183_+disjointig_3_8228_8742 514 -7 11428 2685 3199
	Sequence	+edge_1_184_+disjointig_3_8742_9256 514 7 11428 8742 9256
	Sequence	-edge_1_184_+disjointig_3_8742_9256 514 -7 11428 2171 2685
	Sequence	+edge_1_185_+disjointig_3_9256_9770 514 7 11428 9256 9770
	Sequence	-edge_1_185_+disjointig_3_9256_9770 514 -7 11428 1657 2171
	Sequence	+edge_1_186_+disjointig_3_9770_10284 514 7 11428 9770 10284
	Sequence	-edge_1_186_+disjointig_3_9770_10284 514 -7 11428 1143 1657
	Sequence	+edge_1_187_+disjointig_3_10284_10843 559 7 11428 10284 10843
	Sequence	-edge_1_187_+disjointig_3_10284_10843 559 -7 11428 584 1143
	Sequence	+edge_1_188_+disjointig_3_10843_11425 582 7 11428 10843 11425
	Sequence	-edge_1_188_+disjointig_3_10843_11425 582 -7 11428 2 584
	Sequence	+edge_1_189_+disjointig_30_2913_3817 904 8 28245 2913 3817
	Sequence	-edge_1_189_+disjointig_30_2913_3817 904 -8 28245 24427 25331
	Sequence	+edge_1_190_+disjointig_30_3817_4350 533 8 28245 3817 4350
	Sequence	-edge_1_190_+disjointig_30_3817_4350 533 -8 28245 23894 24427
	Sequence	+edge_1_191_+disjointig_30_4350_4883 533 8 28245 4350 4883
	Sequence	-edge_1_191_+disjointig_30_4350_4883 533 -8 28245 23361 23894
	Sequence	+edge_1_192_+disjointig_30_4883_5416 533 8 28245 4883 5416
	Sequence	-edge_1_192_+disjointig_30_4883_5416 533 -8 28245 22828 23361
	Sequence	+edge_1_193_+disjointig_30_5416_5949 533 8 28245 5416 5949
	Sequence	-edge_1_193_+disjointig_30_5416_5949 533 -8 28245 22295 22828
	Sequence	+edge_1_194_+disjointig_30_5949_6482 533 8 28245 5949 6482
	Sequence	-edge_1_194_+disjointig_30_5949_6482 533 -8 28245 21762 22295
	Sequence	+edge_1_195_+disjointig_30_6482_7015 533 8 28245 6482 7015
	Sequence	-edge_1_195_+disjointig_30_6482_7015 533 -8 28245 21229 21762
	Sequence	+edge_1_196_+disjointig_30_7015_7548 533 8 28245 7015 7548
	Sequence	-edge_1_196_+disjointig_30_7015_7548 533 -8 28245 20696 21229
	Sequence	+edge_1_197_+disjointig_30_7548_8081 533 8 28245 7548 8081
	Sequence	-edge_1_197_+disjointig_30_7548_8081 533 -8 28245 20163 20696
	Sequence	+edge_1_198_+disjointig_30_8081_8622 541 8 28245 8081 8622
	Sequence	-edge_1_198_+disjointig_30_8081_8622 541 -8 28245 19622 20163
	Sequence	+edge_1_199_+disjointig_30_8622_9413 791 8 28245 8622 9413
	Sequence	-edge_1_199_+disjointig_30_8622_9413 791 -8 28245 18831 19622
	Sequence	+edge_1_200_+disjointig_30_9413_9959 546 8 28245 9413 9959
	Sequence	-edge_1_200_+disjointig_30_9413_9959 546 -8 28245 18285 18831
	Sequence	+edge_1_201_+disjointig_30_9959_10624 665 8 28245 9959 10624
	Sequence	-edge_1_201_+disjointig_30_9959_10624 665 -8 28245 17620 18285
	Sequence	+edge_1_202_+disjointig_30_10624_11163 539 8 28245 10624 11163
	Sequence	-edge_1_202_+disjointig_30_10624_11163 539 -8 28245 17081 17620
	Sequence	+edge_1_203_+disjointig_30_11163_11702 539 8 28245 11163 11702
	Sequence	-edge_1_203_+disjointig_30_11163_11702 539 -8 28245 16542 17081
	Sequence	+edge_1_204_+disjointig_30_11702_12241 539 8 28245 11702 12241
	Sequence	-edge_1_204_+disjointig_30_11702_12241 539 -8 28245 16003 16542
	Sequence	+edge_1_205_+disjointig_30_12241_12780 539 8 28245 12241 12780
	Sequence	-edge_1_205_+disjointig_30_12241_12780 539 -8 28245 15464 16003
	Sequence	+edge_1_206_+disjointig_30_12780_13319 539 8 28245 12780 13319
	Sequence	-edge_1_206_+disjointig_30_12780_13319 539 -8 28245 14925 15464
	Sequence	+edge_1_207_+disjointig_30_13319_13858 539 8 28245 13319 13858
	Sequence	-edge_1_207_+disjointig_30_13319_13858 539 -8 28245 14386 14925
	Sequence	+edge_1_208_+disjointig_30_13858_14397 539 8 28245 13858 14397
	Sequence	-edge_1_208_+disjointig_30_13858_14397 539 -8 28245 13847 14386
	Sequence	+edge_1_209_+disjointig_30_14397_14941 544 8 28245 14397 14941
	Sequence	-edge_1_209_+disjointig_30_14397_14941 544 -8 28245 13303 13847
	Sequence	+edge_1_210_+disjointig_30_15737_16519 782 8 28245 15737 16519
	Sequence	-edge_1_210_+disjointig_30_15737_16519 782 -8 28245 11725 12507
	Sequence	+edge_1_211_+disjointig_30_16519_17027 508 8 28245 16519 17027
	Sequence	-edge_1_211_+disjointig_30_16519_17027 508 -8 28245 11217 11725
	Sequence	+edge_1_212_+disjointig_30_17027_17535 508 8 28245 17027 17535
	Sequence	-edge_1_212_+disjointig_30_17027_17535 508 -8 28245 10709 11217
	Sequence	+edge_1_213_+disjointig_30_17535_18043 508 8 28245 17535 18043
	Sequence	-edge_1_213_+disjointig_30_17535_18043 508 -8 28245 10201 10709
	Sequence	+edge_1_214_+disjointig_30_18043_18551 508 8 28245 18043 18551
	Sequence	-edge_1_214_+disjointig_30_18043_18551 508 -8 28245 9693 10201
	Sequence	+edge_1_215_+disjointig_30_18551_19059 508 8 28245 18551 19059
	Sequence	-edge_1_215_+disjointig_30_18551_19059 508 -8 28245 9185 9693
	Sequence	+edge_1_216_+disjointig_30_19059_19567 508 8 28245 19059 19567
	Sequence	-edge_1_216_+disjointig_30_19059_19567 508 -8 28245 8677 9185
	Sequence	+edge_1_217_+disjointig_30_19567_20075 508 8 28245 19567 20075
	Sequence	-edge_1_217_+disjointig_30_19567_20075 508 -8 28245 8169 8677
	Sequence	+edge_1_218_+disjointig_30_20075_20583 508 8 28245 20075 20583
	Sequence	-edge_1_218_+disjointig_30_20075_20583 508 -8 28245 7661 8169
	Sequence	+edge_1_219_+disjointig_30_20583_21091 508 8 28245 20583 21091
	Sequence	-edge_1_219_+disjointig_30_20583_21091 508 -8 28245 7153 7661
	Sequence	+edge_1_220_+disjointig_30_21091_21599 508 8 28245 21091 21599
	Sequence	-edge_1_220_+disjointig_30_21091_21599 508 -8 28245 6645 7153
	Sequence	+edge_1_221_+disjointig_30_21599_22107 508 8 28245 21599 22107
	Sequence	-edge_1_221_+disjointig_30_21599_22107 508 -8 28245 6137 6645
	Sequence	+edge_1_222_+disjointig_30_22107_22615 508 8 28245 22107 22615
	Sequence	-edge_1_222_+disjointig_30_22107_22615 508 -8 28245 5629 6137
	Sequence	+edge_1_223_+disjointig_30_22615_23123 508 8 28245 22615 23123
	Sequence	-edge_1_223_+disjointig_30_22615_23123 508 -8 28245 5121 5629
	Sequence	+edge_1_224_+disjointig_30_23123_23631 508 8 28245 23123 23631
	Sequence	-edge_1_224_+disjointig_30_23123_23631 508 -8 28245 4613 5121
	Sequence	+edge_1_225_+disjointig_30_23631_24139 508 8 28245 23631 24139
	Sequence	-edge_1_225_+disjointig_30_23631_24139 508 -8 28245 4105 4613
	Sequence	+edge_1_226_+disjointig_30_24139_24647 508 8 28245 24139 24647
	Sequence	-edge_1_226_+disjointig_30_24139_24647 508 -8 28245 3597 4105
	Sequence	+edge_1_227_+disjointig_30_24647_25155 508 8 28245 24647 25155
	Sequence	-edge_1_227_+disjointig_30_24647_25155 508 -8 28245 3089 3597
	Sequence	+edge_1_228_+disjointig_30_25155_25663 508 8 28245 25155 25663
	Sequence	-edge_1_228_+disjointig_30_25155_25663 508 -8 28245 2581 3089
	Sequence	+edge_1_229_+disjointig_30_25663_26171 508 8 28245 25663 26171
	Sequence	-edge_1_229_+disjointig_30_25663_26171 508 -8 28245 2073 2581
	Sequence	+edge_1_230_+disjointig_30_26171_26679 508 8 28245 26171 26679
	Sequence	-edge_1_230_+disjointig_30_26171_26679 508 -8 28245 1565 2073
	Sequence	+edge_1_231_+disjointig_30_26679_27187 508 8 28245 26679 27187
	Sequence	-edge_1_231_+disjointig_30_26679_27187 508 -8 28245 1057 1565
	Sequence	+edge_1_232_+disjointig_30_27187_27714 527 8 28245 27187 27714
	Sequence	-edge_1_232_+disjointig_30_27187_27714 527 -8 28245 530 1057
	Sequence	+edge_1_233_+disjointig_30_27714_28224 510 8 28245 27714 28224
	Sequence	-edge_1_233_+disjointig_30_27714_28224 510 -8 28245 20 530
	Sequence	+edge_1_234_+disjointig_36_2997_3644 647 9 9061 2997 3644
	Sequence	-edge_1_234_+disjointig_36_2997_3644 647 -9 9061 5416 6063
	Sequence	+edge_1_235_+disjointig_36_3644_4343 699 9 9061 3644 4343
	Sequence	-edge_1_235_+disjointig_36_3644_4343 699 -9 9061 4717 5416
	Sequence	+edge_1_236_+disjointig_36_4343_5042 699 9 9061 4343 5042
	Sequence	-edge_1_236_+disjointig_36_4343_5042 699 -9 9061 4018 4717
	Sequence	+edge_1_237_+disjointig_36_5042_6063 1021 9 9061 5042 6063
	Sequence	-edge_1_237_+disjointig_36_5042_6063 1021 -9 9061 2997 4018
	Sequence	+edge_1_238_+disjointig_36_6063_6964 901 9 9061 6063 6964
	Sequence	-edge_1_238_+disjointig_36_6063_6964 901 -9 9061 2096 2997
	Sequence	+edge_1_239_+disjointig_36_6964_7740 776 9 9061 6964 7740
	Sequence	-edge_1_239_+disjointig_36_6964_7740 776 -9 9061 1320 2096
	Sequence	+edge_1_240_+disjointig_36_7740_8347 607 9 9061 7740 8347
	Sequence	-edge_1_240_+disjointig_36_7740_8347 607 -9 9061 713 1320
	Sequence	+edge_1_241_+disjointig_36_8347_9048 701 9 9061 8347 9048
	Sequence	-edge_1_241_+disjointig_36_8347_9048 701 -9 9061 12 713
	Sequence	+edge_1_242_+disjointig_4_43_543 500 10 14248 43 543
	Sequence	-edge_1_242_+disjointig_4_43_543 500 -10 14248 13704 14204
	Sequence	+edge_1_243_+disjointig_4_543_1076 533 10 14248 543 1076
	Sequence	-edge_1_243_+disjointig_4_543_1076 533 -10 14248 13171 13704
	Sequence	+edge_1_244_+disjointig_4_1076_1616 540 10 14248 1076 1616
	Sequence	-edge_1_244_+disjointig_4_1076_1616 540 -10 14248 12631 13171
	Sequence	+edge_1_245_+disjointig_4_1616_2156 540 10 14248 1616 2156
	Sequence	-edge_1_245_+disjointig_4_1616_2156 540 -10 14248 12091 12631
	Sequence	+edge_1_246_+disjointig_4_2156_2696 540 10 14248 2156 2696
	Sequence	-edge_1_246_+disjointig_4_2156_2696 540 -10 14248 11551 12091
	Sequence	+edge_1_247_+disjointig_4_2696_3236 540 10 14248 2696 3236
	Sequence	-edge_1_247_+disjointig_4_2696_3236 540 -10 14248 11011 11551
	Sequence	+edge_1_248_+disjointig_4_3236_3776 540 10 14248 3236 3776
	Sequence	-edge_1_248_+disjointig_4_3236_3776 540 -10 14248 10471 11011
	Sequence	+edge_1_249_+disjointig_4_3776_4316 540 10 14248 3776 4316
	Sequence	-edge_1_249_+disjointig_4_3776_4316 540 -10 14248 9931 10471
	Sequence	+edge_1_250_+disjointig_4_4316_4856 540 10 14248 4316 4856
	Sequence	-edge_1_250_+disjointig_4_4316_4856 540 -10 14248 9391 9931
	Sequence	+edge_1_251_+disjointig_4_4856_5396 540 10 14248 4856 5396
	Sequence	-edge_1_251_+disjointig_4_4856_5396 540 -10 14248 8851 9391
	Sequence	+edge_1_252_+disjointig_4_5396_5936 540 10 14248 5396 5936
	Sequence	-edge_1_252_+disjointig_4_5396_5936 540 -10 14248 8311 8851
	Sequence	+edge_1_253_+disjointig_4_5936_6476 540 10 14248 5936 6476
	Sequence	-edge_1_253_+disjointig_4_5936_6476 540 -10 14248 7771 8311
	Sequence	+edge_1_254_+disjointig_4_6476_7016 540 10 14248 6476 7016
	Sequence	-edge_1_254_+disjointig_4_6476_7016 540 -10 14248 7231 7771
	Sequence	+edge_1_255_+disjointig_4_7016_7685 669 10 14248 7016 7685
	Sequence	-edge_1_255_+disjointig_4_7016_7685 669 -10 14248 6562 7231
	Sequence	+edge_1_256_+disjointig_4_7685_8188 503 10 14248 7685 8188
	Sequence	-edge_1_256_+disjointig_4_7685_8188 503 -10 14248 6059 6562
	Sequence	+edge_1_257_+disjointig_4_8188_8691 503 10 14248 8188 8691
	Sequence	-edge_1_257_+disjointig_4_8188_8691 503 -10 14248 5556 6059
	Sequence	+edge_1_258_+disjointig_4_8691_9194 503 10 14248 8691 9194
	Sequence	-edge_1_258_+disjointig_4_8691_9194 503 -10 14248 5053 5556
	Sequence	+edge_1_259_+disjointig_4_9194_9697 503 10 14248 9194 9697
	Sequence	-edge_1_259_+disjointig_4_9194_9697 503 -10 14248 4550 5053
	Sequence	+edge_1_260_+disjointig_4_9697_10200 503 10 14248 9697 10200
	Sequence	-edge_1_260_+disjointig_4_9697_10200 503 -10 14248 4047 4550
	Sequence	+edge_1_261_+disjointig_4_10200_10703 503 10 14248 10200 10703
	Sequence	-edge_1_261_+disjointig_4_10200_10703 503 -10 14248 3544 4047
	Sequence	+edge_1_262_+disjointig_4_10703_11206 503 10 14248 10703 11206
	Sequence	-edge_1_262_+disjointig_4_10703_11206 503 -10 14248 3041 3544
	Sequence	+edge_1_263_+disjointig_4_11206_11709 503 10 14248 11206 11709
	Sequence	-edge_1_263_+disjointig_4_11206_11709 503 -10 14248 2538 3041
	Sequence	+edge_1_264_+disjointig_4_11709_12212 503 10 14248 11709 12212
	Sequence	-edge_1_264_+disjointig_4_11709_12212 503 -10 14248 2035 2538
	Sequence	+edge_1_265_+disjointig_4_12212_12715 503 10 14248 12212 12715
	Sequence	-edge_1_265_+disjointig_4_12212_12715 503 -10 14248 1532 2035
	Sequence	+edge_1_266_+disjointig_4_12715_13218 503 10 14248 12715 13218
	Sequence	-edge_1_266_+disjointig_4_12715_13218 503 -10 14248 1029 1532
	Sequence	+edge_1_267_+disjointig_4_13218_13721 503 10 14248 13218 13721
	Sequence	-edge_1_267_+disjointig_4_13218_13721 503 -10 14248 526 1029
	Sequence	+edge_1_268_+disjointig_4_13721_14234 513 10 14248 13721 14234
	Sequence	-edge_1_268_+disjointig_4_13721_14234 513 -10 14248 13 526
	Sequence	+edge_1_269_+disjointig_44_1_684 683 11 7266 1 684
	Sequence	-edge_1_269_+disjointig_44_1_684 683 -11 7266 6581 7264
	Sequence	+edge_1_270_+disjointig_44_684_1193 509 11 7266 684 1193
	Sequence	-edge_1_270_+disjointig_44_684_1193 509 -11 7266 6072 6581
	Sequence	+edge_1_271_+disjointig_44_1193_1702 509 11 7266 1193 1702
	Sequence	-edge_1_271_+disjointig_44_1193_1702 509 -11 7266 5563 6072
	Sequence	+edge_1_272_+disjointig_44_1702_2211 509 11 7266 1702 2211
	Sequence	-edge_1_272_+disjointig_44_1702_2211 509 -11 7266 5054 5563
	Sequence	+edge_1_273_+disjointig_44_2211_2720 509 11 7266 2211 2720
	Sequence	-edge_1_273_+disjointig_44_2211_2720 509 -11 7266 4545 5054
	Sequence	+edge_1_274_+disjointig_44_2720_3229 509 11 7266 2720 3229
	Sequence	-edge_1_274_+disjointig_44_2720_3229 509 -11 7266 4036 4545
	Sequence	+edge_1_275_+disjointig_44_3229_3738 509 11 7266 3229 3738
	Sequence	-edge_1_275_+disjointig_44_3229_3738 509 -11 7266 3527 4036
	Sequence	+edge_1_276_+disjointig_44_3738_4247 509 11 7266 3738 4247
	Sequence	-edge_1_276_+disjointig_44_3738_4247 509 -11 7266 3018 3527
	Sequence	+edge_1_277_+disjointig_44_4247_4756 509 11 7266 4247 4756
	Sequence	-edge_1_277_+disjointig_44_4247_4756 509 -11 7266 2509 3018
	Sequence	+edge_1_278_+disjointig_44_4756_5266 510 11 7266 4756 5266
	Sequence	-edge_1_278_+disjointig_44_4756_5266 510 -11 7266 1999 2509
	Sequence	+edge_1_279_+disjointig_45_21_825 804 12 20717 21 825
	Sequence	-edge_1_279_+disjointig_45_21_825 804 -12 20717 19891 20695
	Sequence	+edge_1_280_+disjointig_45_825_1581 756 12 20717 825 1581
	Sequence	-edge_1_280_+disjointig_45_825_1581 756 -12 20717 19135 19891
	Sequence	+edge_1_281_+disjointig_45_1581_2370 789 12 20717 1581 2370
	Sequence	-edge_1_281_+disjointig_45_1581_2370 789 -12 20717 18346 19135
	Sequence	+edge_1_282_+disjointig_45_2370_3240 870 12 20717 2370 3240
	Sequence	-edge_1_282_+disjointig_45_2370_3240 870 -12 20717 17476 18346
	Sequence	+edge_1_283_+disjointig_45_3240_3838 598 12 20717 3240 3838
	Sequence	-edge_1_283_+disjointig_45_3240_3838 598 -12 20717 16878 17476
	Sequence	+edge_1_284_+disjointig_45_3838_4437 599 12 20717 3838 4437
	Sequence	-edge_1_284_+disjointig_45_3838_4437 599 -12 20717 16279 16878
	Sequence	+edge_1_285_+disjointig_45_4437_5036 599 12 20717 4437 5036
	Sequence	-edge_1_285_+disjointig_45_4437_5036 599 -12 20717 15680 16279
	Sequence	+edge_1_286_+disjointig_45_5036_5679 643 12 20717 5036 5679
	Sequence	-edge_1_286_+disjointig_45_5036_5679 643 -12 20717 15037 15680
	Sequence	+edge_1_287_+disjointig_45_5679_6322 643 12 20717 5679 6322
	Sequence	-edge_1_287_+disjointig_45_5679_6322 643 -12 20717 14394 15037
	Sequence	+edge_1_288_+disjointig_45_6322_6966 644 12 20717 6322 6966
	Sequence	-edge_1_288_+disjointig_45_6322_6966 644 -12 20717 13750 14394
	Sequence	+edge_1_289_+disjointig_45_6966_7792 826 12 20717 6966 7792
	Sequence	-edge_1_289_+disjointig_45_6966_7792 826 -12 20717 12924 13750
	Sequence	+edge_1_290_+disjointig_45_7792_8341 549 12 20717 7792 8341
	Sequence	-edge_1_290_+disjointig_45_7792_8341 549 -12 20717 12375 12924
	Sequence	+edge_1_291_+disjointig_45_8341_8859 518 12 20717 8341 8859
	Sequence	-edge_1_291_+disjointig_45_8341_8859 518 -12 20717 11857 12375
	Sequence	+edge_1_292_+disjointig_45_8859_9377 518 12 20717 8859 9377
	Sequence	-edge_1_292_+disjointig_45_8859_9377 518 -12 20717 11339 11857
	Sequence	+edge_1_293_+disjointig_45_9377_9895 518 12 20717 9377 9895
	Sequence	-edge_1_293_+disjointig_45_9377_9895 518 -12 20717 10821 11339
	Sequence	+edge_1_294_+disjointig_45_9895_10413 518 12 20717 9895 10413
	Sequence	-edge_1_294_+disjointig_45_9895_10413 518 -12 20717 10303 10821
	Sequence	+edge_1_295_+disjointig_45_10413_10931 518 12 20717 10413 10931
	Sequence	-edge_1_295_+disjointig_45_10413_10931 518 -12 20717 9785 10303
	Sequence	+edge_1_296_+disjointig_45_10931_11449 518 12 20717 10931 11449
	Sequence	-edge_1_296_+disjointig_45_10931_11449 518 -12 20717 9267 9785
	Sequence	+edge_1_297_+disjointig_45_11449_12043 594 12 20717 11449 12043
	Sequence	-edge_1_297_+disjointig_45_11449_12043 594 -12 20717 8673 9267
	Sequence	+edge_1_298_+disjointig_45_12043_12868 825 12 20717 12043 12868
	Sequence	-edge_1_298_+disjointig_45_12043_12868 825 -12 20717 7848 8673
	Sequence	+edge_1_299_+disjointig_45_12868_13369 501 12 20717 12868 13369
	Sequence	-edge_1_299_+disjointig_45_12868_13369 501 -12 20717 7347 7848
	Sequence	+edge_1_300_+disjointig_45_13369_13948 579 12 20717 13369 13948
	Sequence	-edge_1_300_+disjointig_45_13369_13948 579 -12 20717 6768 7347
	Sequence	+edge_1_301_+disjointig_45_13948_14527 579 12 20717 13948 14527
	Sequence	-edge_1_301_+disjointig_45_13948_14527 579 -12 20717 6189 6768
	Sequence	+edge_1_302_+disjointig_45_14527_15106 579 12 20717 14527 15106
	Sequence	-edge_1_302_+disjointig_45_14527_15106 579 -12 20717 5610 6189
	Sequence	+edge_1_303_+disjointig_45_15106_15685 579 12 20717 15106 15685
	Sequence	-edge_1_303_+disjointig_45_15106_15685 579 -12 20717 5031 5610
	Sequence	+edge_1_304_+disjointig_45_15685_16264 579 12 20717 15685 16264
	Sequence	-edge_1_304_+disjointig_45_15685_16264 579 -12 20717 4452 5031
	Sequence	+edge_1_305_+disjointig_45_16264_16845 581 12 20717 16264 16845
	Sequence	-edge_1_305_+disjointig_45_16264_16845 581 -12 20717 3871 4452
	Sequence	+edge_1_306_+disjointig_45_16845_17405 560 12 20717 16845 17405
	Sequence	-edge_1_306_+disjointig_45_16845_17405 560 -12 20717 3311 3871
	Sequence	+edge_1_307_+disjointig_45_17405_17968 563 12 20717 17405 17968
	Sequence	-edge_1_307_+disjointig_45_17405_17968 563 -12 20717 2748 3311
	Sequence	+edge_1_308_+disjointig_45_17968_18531 563 12 20717 17968 18531
	Sequence	-edge_1_308_+disjointig_45_17968_18531 563 -12 20717 2185 2748
	Sequence	+edge_1_309_+disjointig_45_18531_19094 563 12 20717 18531 19094
	Sequence	-edge_1_309_+disjointig_45_18531_19094 563 -12 20717 1622 2185
	Sequence	+edge_1_310_+disjointig_45_19094_19612 518 12 20717 19094 19612
	Sequence	-edge_1_310_+disjointig_45_19094_19612 518 -12 20717 1104 1622
	Sequence	+edge_1_311_+disjointig_45_19612_20163 551 12 20717 19612 20163
	Sequence	-edge_1_311_+disjointig_45_19612_20163 551 -12 20717 553 1104
	Sequence	+edge_1_312_+disjointig_45_20163_20714 551 12 20717 20163 20714
	Sequence	-edge_1_312_+disjointig_45_20163_20714 551 -12 20717 2 553
	Sequence	+edge_1_313_+disjointig_5_17_542 525 13 42445 17 542
	Sequence	-edge_1_313_+disjointig_5_17_542 525 -13 42445 41902 42427
	Sequence	+edge_1_314_+disjointig_5_542_1106 564 13 42445 542 1106
	Sequence	-edge_1_314_+disjointig_5_542_1106 564 -13 42445 41338 41902
	Sequence	+edge_1_315_+disjointig_5_1106_1670 564 13 42445 1106 1670
	Sequence	-edge_1_315_+disjointig_5_1106_1670 564 -13 42445 40774 41338
	Sequence	+edge_1_316_+disjointig_5_1670_2234 564 13 42445 1670 2234
	Sequence	-edge_1_316_+disjointig_5_1670_2234 564 -13 42445 40210 40774
	Sequence	+edge_1_317_+disjointig_5_2234_2798 564 13 42445 2234 2798
	Sequence	-edge_1_317_+disjointig_5_2234_2798 564 -13 42445 39646 40210
	Sequence	+edge_1_318_+disjointig_5_2798_3362 564 13 42445 2798 3362
	Sequence	-edge_1_318_+disjointig_5_2798_3362 564 -13 42445 39082 39646
	Sequence	+edge_1_319_+disjointig_5_3362_3908 546 13 42445 3362 3908
	Sequence	-edge_1_319_+disjointig_5_3362_3908 546 -13 42445 38536 39082
	Sequence	+edge_1_320_+disjointig_5_3908_4408 500 13 42445 3908 4408
	Sequence	-edge_1_320_+disjointig_5_3908_4408 500 -13 42445 38036 38536
	Sequence	+edge_1_321_+disjointig_5_4408_4928 520 13 42445 4408 4928
	Sequence	-edge_1_321_+disjointig_5_4408_4928 520 -13 42445 37516 38036
	Sequence	+edge_1_322_+disjointig_5_4928_5448 520 13 42445 4928 5448
	Sequence	-edge_1_322_+disjointig_5_4928_5448 520 -13 42445 36996 37516
	Sequence	+edge_1_323_+disjointig_5_5448_5968 520 13 42445 5448 5968
	Sequence	-edge_1_323_+disjointig_5_5448_5968 520 -13 42445 36476 36996
	Sequence	+edge_1_324_+disjointig_5_5968_6488 520 13 42445 5968 6488
	Sequence	-edge_1_324_+disjointig_5_5968_6488 520 -13 42445 35956 36476
	Sequence	+edge_1_325_+disjointig_5_6488_7008 520 13 42445 6488 7008
	Sequence	-edge_1_325_+disjointig_5_6488_7008 520 -13 42445 35436 35956
	Sequence	+edge_1_326_+disjointig_5_7008_7528 520 13 42445 7008 7528
	Sequence	-edge_1_326_+disjointig_5_7008_7528 520 -13 42445 34916 35436
	Sequence	+edge_1_327_+disjointig_5_7528_8048 520 13 42445 7528 8048
	Sequence	-edge_1_327_+disjointig_5_7528_8048 520 -13 42445 34396 34916
	Sequence	+edge_1_328_+disjointig_5_8048_8575 527 13 42445 8048 8575
	Sequence	-edge_1_328_+disjointig_5_8048_8575 527 -13 42445 33869 34396
	Sequence	+edge_1_329_+disjointig_5_8575_9156 581 13 42445 8575 9156
	Sequence	-edge_1_329_+disjointig_5_8575_9156 581 -13 42445 33288 33869
	Sequence	+edge_1_330_+disjointig_5_9156_9783 627 13 42445 9156 9783
	Sequence	-edge_1_330_+disjointig_5_9156_9783 627 -13 42445 32661 33288
	Sequence	+edge_1_331_+disjointig_5_9783_10410 627 13 42445 9783 10410
	Sequence	-edge_1_331_+disjointig_5_9783_10410 627 -13 42445 32034 32661
	Sequence	+edge_1_332_+disjointig_5_10410_11039 629 13 42445 10410 11039
	Sequence	-edge_1_332_+disjointig_5_10410_11039 629 -13 42445 31405 32034
	Sequence	+edge_1_333_+disjointig_5_11039_11552 513 13 42445 11039 11552
	Sequence	-edge_1_333_+disjointig_5_11039_11552 513 -13 42445 30892 31405
	Sequence	+edge_1_334_+disjointig_5_11552_12063 511 13 42445 11552 12063
	Sequence	-edge_1_334_+disjointig_5_11552_12063 511 -13 42445 30381 30892
	Sequence	+edge_1_335_+disjointig_5_12063_12574 511 13 42445 12063 12574
	Sequence	-edge_1_335_+disjointig_5_12063_12574 511 -13 42445 29870 30381
	Sequence	+edge_1_336_+disjointig_5_12574_13085 511 13 42445 12574 13085
	Sequence	-edge_1_336_+disjointig_5_12574_13085 511 -13 42445 29359 29870
	Sequence	+edge_1_337_+disjointig_5_13085_13596 511 13 42445 13085 13596
	Sequence	-edge_1_337_+disjointig_5_13085_13596 511 -13 42445 28848 29359
	Sequence	+edge_1_338_+disjointig_5_13596_14107 511 13 42445 13596 14107
	Sequence	-edge_1_338_+disjointig_5_13596_14107 511 -13 42445 28337 28848
	Sequence	+edge_1_339_+disjointig_5_14107_14618 511 13 42445 14107 14618
	Sequence	-edge_1_339_+disjointig_5_14107_14618 511 -13 42445 27826 28337
	Sequence	+edge_1_340_+disjointig_5_14618_15135 517 13 42445 14618 15135
	Sequence	-edge_1_340_+disjointig_5_14618_15135 517 -13 42445 27309 27826
	Sequence	+edge_1_341_+disjointig_5_15135_15796 661 13 42445 15135 15796
	Sequence	-edge_1_341_+disjointig_5_15135_15796 661 -13 42445 26648 27309
	Sequence	+edge_1_342_+disjointig_5_15796_16624 828 13 42445 15796 16624
	Sequence	-edge_1_342_+disjointig_5_15796_16624 828 -13 42445 25820 26648
	Sequence	+edge_1_343_+disjointig_5_16624_17129 505 13 42445 16624 17129
	Sequence	-edge_1_343_+disjointig_5_16624_17129 505 -13 42445 25315 25820
	Sequence	+edge_1_344_+disjointig_5_17129_17634 505 13 42445 17129 17634
	Sequence	-edge_1_344_+disjointig_5_17129_17634 505 -13 42445 24810 25315
	Sequence	+edge_1_345_+disjointig_5_17634_18139 505 13 42445 17634 18139
	Sequence	-edge_1_345_+disjointig_5_17634_18139 505 -13 42445 24305 24810
	Sequence	+edge_1_346_+disjointig_5_18139_18644 505 13 42445 18139 18644
	Sequence	-edge_1_346_+disjointig_5_18139_18644 505 -13 42445 23800 24305
	Sequence	+edge_1_347_+disjointig_5_18644_19149 505 13 42445 18644 19149
	Sequence	-edge_1_347_+disjointig_5_18644_19149 505 -13 42445 23295 23800
	Sequence	+edge_1_348_+disjointig_5_19149_19654 505 13 42445 19149 19654
	Sequence	-edge_1_348_+disjointig_5_19149_19654 505 -13 42445 22790 23295
	Sequence	+edge_1_349_+disjointig_5_19654_20159 505 13 42445 19654 20159
	Sequence	-edge_1_349_+disjointig_5_19654_20159 505 -13 42445 22285 22790
	Sequence	+edge_1_350_+disjointig_5_20159_20664 505 13 42445 20159 20664
	Sequence	-edge_1_350_+disjointig_5_20159_20664 505 -13 42445 21780 22285
	Sequence	+edge_1_351_+disjointig_5_20664_21169 505 13 42445 20664 21169
	Sequence	-edge_1_351_+disjointig_5_20664_21169 505 -13 42445 21275 21780
	Sequence	+edge_1_352_+disjointig_5_21169_21674 505 13 42445 21169 21674
	Sequence	-edge_1_352_+disjointig_5_21169_21674 505 -13 42445 20770 21275
	Sequence	+edge_1_353_+disjointig_5_21674_22179 505 13 42445 21674 22179
	Sequence	-edge_1_353_+disjointig_5_21674_22179 505 -13 42445 20265 20770
	Sequence	+edge_1_354_+disjointig_5_22179_22684 505 13 42445 22179 22684
	Sequence	-edge_1_354_+disjointig_5_22179_22684 505 -13 42445 19760 20265
	Sequence	+edge_1_355_+disjointig_5_22684_23189 505 13 42445 22684 23189
	Sequence	-edge_1_355_+disjointig_5_22684_23189 505 -13 42445 19255 19760
	Sequence	+edge_1_356_+disjointig_5_23189_23694 505 13 42445 23189 23694
	Sequence	-edge_1_356_+disjointig_5_23189_23694 505 -13 42445 18750 19255
	Sequence	+edge_1_357_+disjointig_5_23694_24199 505 13 42445 23694 24199
	Sequence	-edge_1_357_+disjointig_5_23694_24199 505 -13 42445 18245 18750
	Sequence	+edge_1_358_+disjointig_5_24199_24704 505 13 42445 24199 24704
	Sequence	-edge_1_358_+disjointig_5_24199_24704 505 -13 42445 17740 18245
	Sequence	+edge_1_359_+disjointig_5_24704_25209 505 13 42445 24704 25209
	Sequence	-edge_1_359_+disjointig_5_24704_25209 505 -13 42445 17235 17740
	Sequence	+edge_1_360_+disjointig_5_25209_25714 505 13 42445 25209 25714
	Sequence	-edge_1_360_+disjointig_5_25209_25714 505 -13 42445 16730 17235
	Sequence	+edge_1_361_+disjointig_5_25714_26219 505 13 42445 25714 26219
	Sequence	-edge_1_361_+disjointig_5_25714_26219 505 -13 42445 16225 16730
	Sequence	+edge_1_362_+disjointig_5_26219_26724 505 13 42445 26219 26724
	Sequence	-edge_1_362_+disjointig_5_26219_26724 505 -13 42445 15720 16225
	Sequence	+edge_1_363_+disjointig_5_26724_27229 505 13 42445 26724 27229
	Sequence	-edge_1_363_+disjointig_5_26724_27229 505 -13 42445 15215 15720
	Sequence	+edge_1_364_+disjointig_5_27229_27734 505 13 42445 27229 27734
	Sequence	-edge_1_364_+disjointig_5_27229_27734 505 -13 42445 14710 15215
	Sequence	+edge_1_365_+disjointig_5_27734_28239 505 13 42445 27734 28239
	Sequence	-edge_1_365_+disjointig_5_27734_28239 505 -13 42445 14205 14710
	Sequence	+edge_1_366_+disjointig_5_28239_28744 505 13 42445 28239 28744
	Sequence	-edge_1_366_+disjointig_5_28239_28744 505 -13 42445 13700 14205
	Sequence	+edge_1_367_+disjointig_5_28744_29249 505 13 42445 28744 29249
	Sequence	-edge_1_367_+disjointig_5_28744_29249 505 -13 42445 13195 13700
	Sequence	+edge_1_368_+disjointig_5_29249_29754 505 13 42445 29249 29754
	Sequence	-edge_1_368_+disjointig_5_29249_29754 505 -13 42445 12690 13195
	Sequence	+edge_1_369_+disjointig_5_29754_30259 505 13 42445 29754 30259
	Sequence	-edge_1_369_+disjointig_5_29754_30259 505 -13 42445 12185 12690
	Sequence	+edge_1_370_+disjointig_5_30259_30764 505 13 42445 30259 30764
	Sequence	-edge_1_370_+disjointig_5_30259_30764 505 -13 42445 11680 12185
	Sequence	+edge_1_371_+disjointig_5_30764_31269 505 13 42445 30764 31269
	Sequence	-edge_1_371_+disjointig_5_30764_31269 505 -13 42445 11175 11680
	Sequence	+edge_1_372_+disjointig_5_31269_31774 505 13 42445 31269 31774
	Sequence	-edge_1_372_+disjointig_5_31269_31774 505 -13 42445 10670 11175
	Sequence	+edge_1_373_+disjointig_5_31774_32279 505 13 42445 31774 32279
	Sequence	-edge_1_373_+disjointig_5_31774_32279 505 -13 42445 10165 10670
	Sequence	+edge_1_374_+disjointig_5_32279_32784 505 13 42445 32279 32784
	Sequence	-edge_1_374_+disjointig_5_32279_32784 505 -13 42445 9660 10165
	Sequence	+edge_1_375_+disjointig_5_32784_33289 505 13 42445 32784 33289
	Sequence	-edge_1_375_+disjointig_5_32784_33289 505 -13 42445 9155 9660
	Sequence	+edge_1_376_+disjointig_5_33289_33794 505 13 42445 33289 33794
	Sequence	-edge_1_376_+disjointig_5_33289_33794 505 -13 42445 8650 9155
	Sequence	+edge_1_377_+disjointig_5_33794_34299 505 13 42445 33794 34299
	Sequence	-edge_1_377_+disjointig_5_33794_34299 505 -13 42445 8145 8650
	Sequence	+edge_1_378_+disjointig_5_34299_34804 505 13 42445 34299 34804
	Sequence	-edge_1_378_+disjointig_5_34299_34804 505 -13 42445 7640 8145
	Sequence	+edge_1_379_+disjointig_5_34804_35309 505 13 42445 34804 35309
	Sequence	-edge_1_379_+disjointig_5_34804_35309 505 -13 42445 7135 7640
	Sequence	+edge_1_380_+disjointig_5_35309_35814 505 13 42445 35309 35814
	Sequence	-edge_1_380_+disjointig_5_35309_35814 505 -13 42445 6630 7135
	Sequence	+edge_1_381_+disjointig_5_35814_36319 505 13 42445 35814 36319
	Sequence	-edge_1_381_+disjointig_5_35814_36319 505 -13 42445 6125 6630
	Sequence	+edge_1_382_+disjointig_5_36319_36824 505 13 42445 36319 36824
	Sequence	-edge_1_382_+disjointig_5_36319_36824 505 -13 42445 5620 6125
	Sequence	+edge_1_383_+disjointig_5_36824_37329 505 13 42445 36824 37329
	Sequence	-edge_1_383_+disjointig_5_36824_37329 505 -13 42445 5115 5620
	Sequence	+edge_1_384_+disjointig_5_37329_37834 505 13 42445 37329 37834
	Sequence	-edge_1_384_+disjointig_5_37329_37834 505 -13 42445 4610 5115
	Sequence	+edge_1_385_+disjointig_5_37834_38339 505 13 42445 37834 38339
	Sequence	-edge_1_385_+disjointig_5_37834_38339 505 -13 42445 4105 4610
	Sequence	+edge_1_386_+disjointig_5_38339_38844 505 13 42445 38339 38844
	Sequence	-edge_1_386_+disjointig_5_38339_38844 505 -13 42445 3600 4105
	Sequence	+edge_1_387_+disjointig_5_38844_39349 505 13 42445 38844 39349
	Sequence	-edge_1_387_+disjointig_5_38844_39349 505 -13 42445 3095 3600
	Sequence	+edge_1_388_+disjointig_5_39349_39854 505 13 42445 39349 39854
	Sequence	-edge_1_388_+disjointig_5_39349_39854 505 -13 42445 2590 3095
	Sequence	+edge_1_389_+disjointig_5_39854_40359 505 13 42445 39854 40359
	Sequence	-edge_1_389_+disjointig_5_39854_40359 505 -13 42445 2085 2590
	Sequence	+edge_1_390_+disjointig_5_40359_40864 505 13 42445 40359 40864
	Sequence	-edge_1_390_+disjointig_5_40359_40864 505 -13 42445 1580 2085
	Sequence	+edge_1_391_+disjointig_5_40864_41369 505 13 42445 40864 41369
	Sequence	-edge_1_391_+disjointig_5_40864_41369 505 -13 42445 1075 1580
	Sequence	+edge_1_392_+disjointig_5_41369_41874 505 13 42445 41369 41874
	Sequence	-edge_1_392_+disjointig_5_41369_41874 505 -13 42445 570 1075
	Sequence	+edge_1_393_+disjointig_5_41874_42401 527 13 42445 41874 42401
	Sequence	-edge_1_393_+disjointig_5_41874_42401 527 -13 42445 43 570
	Sequence	+edge_1_394_+disjointig_53_2774_3285 511 14 8394 2774 3285
	Sequence	-edge_1_394_+disjointig_53_2774_3285 511 -14 8394 5108 5619
	Sequence	+edge_1_395_+disjointig_53_3285_4046 761 14 8394 3285 4046
	Sequence	-edge_1_395_+disjointig_53_3285_4046 761 -14 8394 4347 5108
	Sequence	+edge_1_396_+disjointig_53_4046_4786 740 14 8394 4046 4786
	Sequence	-edge_1_396_+disjointig_53_4046_4786 740 -14 8394 3607 4347
	Sequence	+edge_1_397_+disjointig_53_4786_5411 625 14 8394 4786 5411
	Sequence	-edge_1_397_+disjointig_53_4786_5411 625 -14 8394 2982 3607
	Sequence	+edge_1_398_+disjointig_53_5411_5972 561 14 8394 5411 5972
	Sequence	-edge_1_398_+disjointig_53_5411_5972 561 -14 8394 2421 2982
	Sequence	+edge_1_399_+disjointig_53_5972_6533 561 14 8394 5972 6533
	Sequence	-edge_1_399_+disjointig_53_5972_6533 561 -14 8394 1860 2421
	Sequence	+edge_1_400_+disjointig_53_6533_7094 561 14 8394 6533 7094
	Sequence	-edge_1_400_+disjointig_53_6533_7094 561 -14 8394 1299 1860
	Sequence	+edge_1_401_+disjointig_53_7094_7658 564 14 8394 7094 7658
	Sequence	-edge_1_401_+disjointig_53_7094_7658 564 -14 8394 735 1299
	Sequence	+edge_1_402_+disjointig_53_7658_8387 729 14 8394 7658 8387
	Sequence	-edge_1_402_+disjointig_53_7658_8387 729 -14 8394 6 735
	Sequence	+edge_1_403_+disjointig_7_2860_3396 536 15 18772 2860 3396
	Sequence	-edge_1_403_+disjointig_7_2860_3396 536 -15 18772 15375 15911
	Sequence	+edge_1_404_+disjointig_7_3396_3932 536 15 18772 3396 3932
	Sequence	-edge_1_404_+disjointig_7_3396_3932 536 -15 18772 14839 15375
	Sequence	+edge_1_405_+disjointig_7_3932_4468 536 15 18772 3932 4468
	Sequence	-edge_1_405_+disjointig_7_3932_4468 536 -15 18772 14303 14839
	Sequence	+edge_1_406_+disjointig_7_4468_5004 536 15 18772 4468 5004
	Sequence	-edge_1_406_+disjointig_7_4468_5004 536 -15 18772 13767 14303
	Sequence	+edge_1_407_+disjointig_7_5004_5544 540 15 18772 5004 5544
	Sequence	-edge_1_407_+disjointig_7_5004_5544 540 -15 18772 13227 13767
	Sequence	+edge_1_408_+disjointig_7_5544_6322 778 15 18772 5544 6322
	Sequence	-edge_1_408_+disjointig_7_5544_6322 778 -15 18772 12449 13227
	Sequence	+edge_1_409_+disjointig_7_6322_7128 806 15 18772 6322 7128
	Sequence	-edge_1_409_+disjointig_7_6322_7128 806 -15 18772 11643 12449
	Sequence	+edge_1_410_+disjointig_7_7128_7706 578 15 18772 7128 7706
	Sequence	-edge_1_410_+disjointig_7_7128_7706 578 -15 18772 11065 11643
	Sequence	+edge_1_411_+disjointig_7_7706_8225 519 15 18772 7706 8225
	Sequence	-edge_1_411_+disjointig_7_7706_8225 519 -15 18772 10546 11065
	Sequence	+edge_1_412_+disjointig_7_8225_8744 519 15 18772 8225 8744
	Sequence	-edge_1_412_+disjointig_7_8225_8744 519 -15 18772 10027 10546
	Sequence	+edge_1_413_+disjointig_7_8744_9263 519 15 18772 8744 9263
	Sequence	-edge_1_413_+disjointig_7_8744_9263 519 -15 18772 9508 10027
	Sequence	+edge_1_414_+disjointig_7_9263_9782 519 15 18772 9263 9782
	Sequence	-edge_1_414_+disjointig_7_9263_9782 519 -15 18772 8989 9508
	Sequence	+edge_1_415_+disjointig_7_9782_10301 519 15 18772 9782 10301
	Sequence	-edge_1_415_+disjointig_7_9782_10301 519 -15 18772 8470 8989
	Sequence	+edge_1_416_+disjointig_7_10301_10820 519 15 18772 10301 10820
	Sequence	-edge_1_416_+disjointig_7_10301_10820 519 -15 18772 7951 8470
	Sequence	+edge_1_417_+disjointig_7_10820_11339 519 15 18772 10820 11339
	Sequence	-edge_1_417_+disjointig_7_10820_11339 519 -15 18772 7432 7951
	Sequence	+edge_1_418_+disjointig_7_11339_11858 519 15 18772 11339 11858
	Sequence	-edge_1_418_+disjointig_7_11339_11858 519 -15 18772 6913 7432
	Sequence	+edge_1_419_+disjointig_7_11858_12377 519 15 18772 11858 12377
	Sequence	-edge_1_419_+disjointig_7_11858_12377 519 -15 18772 6394 6913
	Sequence	+edge_1_420_+disjointig_7_12377_12896 519 15 18772 12377 12896
	Sequence	-edge_1_420_+disjointig_7_12377_12896 519 -15 18772 5875 6394
	Sequence	+edge_1_421_+disjointig_7_12896_13415 519 15 18772 12896 13415
	Sequence	-edge_1_421_+disjointig_7_12896_13415 519 -15 18772 5356 5875
	Sequence	+edge_1_422_+disjointig_7_13415_13934 519 15 18772 13415 13934
	Sequence	-edge_1_422_+disjointig_7_13415_13934 519 -15 18772 4837 5356
	Sequence	+edge_1_423_+disjointig_7_13934_14461 527 15 18772 13934 14461
	Sequence	-edge_1_423_+disjointig_7_13934_14461 527 -15 18772 4310 4837
	Sequence	+edge_1_424_+disjointig_7_14461_15102 641 15 18772 14461 15102
	Sequence	-edge_1_424_+disjointig_7_14461_15102 641 -15 18772 3669 4310
	Sequence	+edge_1_425_+disjointig_7_15102_15760 658 15 18772 15102 15760
	Sequence	-edge_1_425_+disjointig_7_15102_15760 658 -15 18772 3011 3669
	Sequence	+edge_1_426_+disjointig_7_15760_16345 585 15 18772 15760 16345
	Sequence	-edge_1_426_+disjointig_7_15760_16345 585 -15 18772 2426 3011
	Sequence	+edge_1_427_+disjointig_7_16345_16907 562 15 18772 16345 16907
	Sequence	-edge_1_427_+disjointig_7_16345_16907 562 -15 18772 1864 2426
	Sequence	+edge_1_428_+disjointig_7_16907_17513 606 15 18772 16907 17513
	Sequence	-edge_1_428_+disjointig_7_16907_17513 606 -15 18772 1258 1864
	Sequence	+edge_1_429_+disjointig_7_17513_18020 507 15 18772 17513 18020
	Sequence	-edge_1_429_+disjointig_7_17513_18020 507 -15 18772 751 1258
	Sequence	+edge_1_430_+disjointig_7_18020_18563 543 15 18772 18020 18563
	Sequence	-edge_1_430_+disjointig_7_18020_18563 543 -15 18772 208 751
Edge	6	4	4	1	0	0	1	-1
	Sequence	+edge_4_0_+disjointig_13_6402_7617 1215 2 32777 6402 7617
Edge	7	4	4	1	0	0	1	-1
	Sequence	-edge_4_0_+disjointig_13_6402_7617 1215 -2 32777 25159 26374
Edge	8	4	4	1	0	0	1	-1
	Sequence	+edge_5_0_+disjointig_13_13313_14732 1419 2 32777 13313 14732
Edge	9	4	4	1	0	0	1	-1
	Sequence	-edge_5_0_+disjointig_13_13313_14732 1419 -2 32777 18044 19463
Edge	10	4	4	1	0	0	7	-1
	Sequence	+edge_6_0_+disjointig_30_14941_15737 796 8 28245 14941 15737
Edge	11	4	4	1	0	0	7	-1
	Sequence	-edge_6_0_+disjointig_30_14941_15737 796 -8 28245 12507 13303
Edge	14	4	13	1	0	0	1	-1
	Sequence	+edge_8_0_+disjointig_13_17162_18037 875 2 32777 17162 18037
Edge	15	10	4	1	0	0	1	-1
	Sequence	-edge_8_0_+disjointig_13_17162_18037 875 -2 32777 14739 15614
Edge	16	4	10	1	0	0	1	-1
	Sequence	+edge_9_0_-disjointig_1_14982_16459 1477 -1 48471 14982 16459
	Sequence	+edge_9_1_-disjointig_13_13068_14739 1671 -2 32777 13068 14739
Edge	17	13	4	1	0	0	1	-1
	Sequence	-edge_9_0_-disjointig_1_14982_16459 1477 1 48471 32011 33488
	Sequence	-edge_9_1_-disjointig_13_13068_14739 1671 2 32777 18037 19708
Edge	22	3	3	1	0	0	9	-1
	Sequence	+edge_12_0_+disjointig_26_638_3735 3097 6 9495 638 3735
	Sequence	+edge_12_1_+disjointig_26_3735_6408 2673 6 9495 3735 6408
	Sequence	+edge_12_2_+disjointig_26_6408_9489 3081 6 9495 6408 9489
Edge	23	8	8	1	0	0	9	-1
	Sequence	-edge_12_0_+disjointig_26_638_3735 3097 -6 9495 5759 8856
	Sequence	-edge_12_1_+disjointig_26_3735_6408 2673 -6 9495 3086 5759
	Sequence	-edge_12_2_+disjointig_26_6408_9489 3081 -6 9495 5 3086
