Chain
	Aln	4	+1b042a34-9075-43f7-a988-2305f34b2538 4 601 1145 +edge_3_5_-disjointig_3_3678_4278 0 598 600 -1 -1 594 0.00832413
	Aln	7	+1b042a34-9075-43f7-a988-2305f34b2538 576 1143 1145 -edge_4_0_+disjointig_3_2964_3990 5 570 1026 -1 -1 565 0.0027086
Chain
	Aln	6	-1b042a34-9075-43f7-a988-2305f34b2538 1 568 1145 +edge_4_0_+disjointig_3_2964_3990 455 1020 1026 -1 -1 565 0.0027086
	Aln	5	-1b042a34-9075-43f7-a988-2305f34b2538 543 1140 1145 -edge_3_5_-disjointig_3_3678_4278 1 599 600 -1 -1 594 0.00832413
Chain
	Aln	5	+bf5f378c-eec6-4fea-8f8d-c6a5c81c8acc 1 418 1035 -edge_3_1_+disjointig_3_707_1330 187 601 623 -1 -1 265 0.0698296
	Aln	5	+bf5f378c-eec6-4fea-8f8d-c6a5c81c8acc 390 1033 1035 -edge_3_5_-disjointig_3_3678_4278 1 550 600 -1 -1 433 0.0364429
Chain
	Aln	4	-bf5f378c-eec6-4fea-8f8d-c6a5c81c8acc 1 644 1035 +edge_3_5_-disjointig_3_3678_4278 49 598 600 -1 -1 433 0.0364429
	Aln	4	-bf5f378c-eec6-4fea-8f8d-c6a5c81c8acc 616 1033 1035 +edge_3_1_+disjointig_3_707_1330 21 435 623 -1 -1 265 0.0698296
Chain
	Aln	6	+c2934582-db9e-492e-bac9-d0c92c1c2470 2294 2883 4754 +edge_4_0_+disjointig_3_2964_3990 432 1020 1026 -1 -1 567 0.0126134
	Aln	5	+c2934582-db9e-492e-bac9-d0c92c1c2470 2858 3459 4754 -edge_3_5_-disjointig_3_3678_4278 1 599 600 -1 -1 592 0.0070255
	Aln	5	+c2934582-db9e-492e-bac9-d0c92c1c2470 3497 4093 4754 -edge_3_5_-disjointig_3_3678_4278 1 599 600 -1 -1 572 0.0214502
	Aln	5	+c2934582-db9e-492e-bac9-d0c92c1c2470 4132 4731 4754 -edge_3_5_-disjointig_3_3678_4278 1 599 600 -1 -1 574 0.0111369
Chain
	Aln	4	-c2934582-db9e-492e-bac9-d0c92c1c2470 22 621 4754 +edge_3_5_-disjointig_3_3678_4278 0 598 600 -1 -1 574 0.0111369
	Aln	4	-c2934582-db9e-492e-bac9-d0c92c1c2470 660 1256 4754 +edge_3_5_-disjointig_3_3678_4278 0 598 600 -1 -1 572 0.0214502
	Aln	4	-c2934582-db9e-492e-bac9-d0c92c1c2470 1294 1895 4754 +edge_3_5_-disjointig_3_3678_4278 0 598 600 -1 -1 592 0.0070255
	Aln	7	-c2934582-db9e-492e-bac9-d0c92c1c2470 1870 2459 4754 -edge_4_0_+disjointig_3_2964_3990 5 593 1026 -1 -1 567 0.0126134
Chain
	Aln	4	+e21520c9-0ac3-4f7d-b665-0c065bae212f 1985 2102 4039 +edge_3_6_-disjointig_3_3136_3678 366 501 542 -1 -1 97 0.0690608
	Aln	4	+e21520c9-0ac3-4f7d-b665-0c065bae212f 2216 2809 4039 +edge_3_5_-disjointig_3_3678_4278 0 598 600 -1 -1 585 0.0170086
	Aln	4	+e21520c9-0ac3-4f7d-b665-0c065bae212f 2847 3438 4039 +edge_3_5_-disjointig_3_3678_4278 0 598 600 -1 -1 590 0.0118903
	Aln	7	+e21520c9-0ac3-4f7d-b665-0c065bae212f 3413 4037 4039 -edge_4_0_+disjointig_3_2964_3990 5 639 1026 -1 -1 617 0.0169441
Chain
	Aln	9	+e21520c9-0ac3-4f7d-b665-0c065bae212f 30 1295 4039 -edge_5_0_+disjointig_5_0_5079 1859 3233 5079 -1 -1 303 0.149117
Chain
	Aln	6	-e21520c9-0ac3-4f7d-b665-0c065bae212f 1 625 4039 +edge_4_0_+disjointig_3_2964_3990 386 1020 1026 -1 -1 617 0.0169441
	Aln	5	-e21520c9-0ac3-4f7d-b665-0c065bae212f 600 1191 4039 -edge_3_5_-disjointig_3_3678_4278 1 599 600 -1 -1 590 0.0118903
	Aln	5	-e21520c9-0ac3-4f7d-b665-0c065bae212f 1229 1822 4039 -edge_3_5_-disjointig_3_3678_4278 1 599 600 -1 -1 585 0.0170086
	Aln	5	-e21520c9-0ac3-4f7d-b665-0c065bae212f 1936 2053 4039 -edge_3_6_-disjointig_3_3136_3678 40 175 542 -1 -1 97 0.0690608
Chain
	Aln	8	-e21520c9-0ac3-4f7d-b665-0c065bae212f 2743 4008 4039 +edge_5_0_+disjointig_5_0_5079 1845 3219 5079 -1 -1 303 0.149117
Chain
	Aln	9	+37937b87-a265-4ebe-a150-ac72fd558d9c 21 2867 2999 -edge_5_0_+disjointig_5_0_5079 1803 5060 5079 -1 -1 623 0.146985
Chain
	Aln	8	-37937b87-a265-4ebe-a150-ac72fd558d9c 131 2977 2999 +edge_5_0_+disjointig_5_0_5079 18 3275 5079 -1 -1 623 0.146985
Chain
	Aln	9	+394fefdd-e6bf-494d-afe4-f9491c696cf4 56 1160 1178 -edge_5_0_+disjointig_5_0_5079 873 1929 5079 -1 -1 294 0.126632
Chain
	Aln	8	-394fefdd-e6bf-494d-afe4-f9491c696cf4 17 1121 1178 +edge_5_0_+disjointig_5_0_5079 3149 4205 5079 -1 -1 294 0.126632
Chain
	Aln	9	+e0216b3e-717e-40d2-8c29-7e8c758bbe09 36 1564 1575 -edge_5_0_+disjointig_5_0_5079 289 2035 5079 -1 -1 406 0.133937
Chain
	Aln	8	-e0216b3e-717e-40d2-8c29-7e8c758bbe09 10 1538 1575 +edge_5_0_+disjointig_5_0_5079 3043 4789 5079 -1 -1 406 0.133937
Chain
	Aln	9	+1678f9a1-40a4-40f1-b6cb-5f67fcc7bfbd 27 2006 2047 -edge_5_0_+disjointig_5_0_5079 1407 3348 5079 -1 -1 385 0.182079
Chain
	Aln	8	-1678f9a1-40a4-40f1-b6cb-5f67fcc7bfbd 40 2019 2047 +edge_5_0_+disjointig_5_0_5079 1730 3671 5079 -1 -1 385 0.182079
Chain
	Aln	11	+bbdb4a89-fb49-4d99-9f21-a2c0496fec80 1 190 1313 -edge_6_2_+disjointig_6_1086_1629 300 542 543 -1 -1 137 0.0422163
	Aln	11	+bbdb4a89-fb49-4d99-9f21-a2c0496fec80 143 706 1313 -edge_6_10_-disjointig_6_5049_5655 21 605 606 -1 -1 497 0.0168308
	Aln	11	+bbdb4a89-fb49-4d99-9f21-a2c0496fec80 730 1295 1313 -edge_6_10_-disjointig_6_5049_5655 21 605 606 -1 -1 469 0.0358369
Chain
	Aln	10	-bbdb4a89-fb49-4d99-9f21-a2c0496fec80 17 582 1313 +edge_6_10_-disjointig_6_5049_5655 0 584 606 -1 -1 469 0.0358369
	Aln	10	-bbdb4a89-fb49-4d99-9f21-a2c0496fec80 606 1169 1313 +edge_6_10_-disjointig_6_5049_5655 0 584 606 -1 -1 497 0.0168308
	Aln	10	-bbdb4a89-fb49-4d99-9f21-a2c0496fec80 1122 1311 1313 +edge_6_2_+disjointig_6_1086_1629 0 242 543 -1 -1 137 0.0422163
Chain
	Aln	14	+7c2a5f7b-2254-425c-82dd-72f43c757519 13 1190 1201 +edge_8_0_+disjointig_6_4830_8300 1980 3143 3470 -1 -1 573 0.089625
Chain
	Aln	15	-7c2a5f7b-2254-425c-82dd-72f43c757519 10 1187 1201 -edge_8_0_+disjointig_6_4830_8300 326 1489 3470 -1 -1 573 0.089625
Chain
	Aln	4	+6b3e95ed-783c-4473-9ad8-0191ac029ff6 5 581 3716 +edge_3_5_-disjointig_3_3678_4278 24 598 600 -1 -1 570 0.00681539
	Aln	4	+6b3e95ed-783c-4473-9ad8-0191ac029ff6 619 1215 3716 +edge_3_5_-disjointig_3_3678_4278 0 598 600 -1 -1 595 0.00485304
	Aln	4	+6b3e95ed-783c-4473-9ad8-0191ac029ff6 1254 1848 3716 +edge_3_5_-disjointig_3_3678_4278 0 598 600 -1 -1 585 0.0131287
	Aln	4	+6b3e95ed-783c-4473-9ad8-0191ac029ff6 1887 2489 3716 +edge_3_5_-disjointig_3_3678_4278 0 598 600 -1 -1 568 0.0194411
	Aln	4	+6b3e95ed-783c-4473-9ad8-0191ac029ff6 2529 3130 3716 +edge_3_5_-disjointig_3_3678_4278 0 598 600 -1 -1 573 0.0190671
	Aln	7	+6b3e95ed-783c-4473-9ad8-0191ac029ff6 3105 3714 3716 -edge_4_0_+disjointig_3_2964_3990 5 607 1026 -1 -1 597 0.00769119
Chain
	Aln	6	-6b3e95ed-783c-4473-9ad8-0191ac029ff6 1 610 3716 +edge_4_0_+disjointig_3_2964_3990 418 1020 1026 -1 -1 597 0.00769119
	Aln	5	-6b3e95ed-783c-4473-9ad8-0191ac029ff6 585 1186 3716 -edge_3_5_-disjointig_3_3678_4278 1 599 600 -1 -1 573 0.0190671
	Aln	5	-6b3e95ed-783c-4473-9ad8-0191ac029ff6 1226 1828 3716 -edge_3_5_-disjointig_3_3678_4278 1 599 600 -1 -1 568 0.0194411
	Aln	5	-6b3e95ed-783c-4473-9ad8-0191ac029ff6 1867 2461 3716 -edge_3_5_-disjointig_3_3678_4278 1 599 600 -1 -1 585 0.0131287
	Aln	5	-6b3e95ed-783c-4473-9ad8-0191ac029ff6 2500 3096 3716 -edge_3_5_-disjointig_3_3678_4278 1 599 600 -1 -1 595 0.00485304
	Aln	5	-6b3e95ed-783c-4473-9ad8-0191ac029ff6 3134 3710 3716 -edge_3_5_-disjointig_3_3678_4278 1 575 600 -1 -1 570 0.00681539
Chain
	Aln	4	+fca746a0-1871-49ac-93c9-6b9c509c799b 11 586 3004 +edge_3_5_-disjointig_3_3678_4278 9 598 600 -1 -1 471 0.0410468
	Aln	4	+fca746a0-1871-49ac-93c9-6b9c509c799b 554 1128 3004 +edge_3_5_-disjointig_3_3678_4278 20 598 600 -1 -1 571 0.00940113
	Aln	4	+fca746a0-1871-49ac-93c9-6b9c509c799b 1168 1767 3004 +edge_3_5_-disjointig_3_3678_4278 0 598 600 -1 -1 536 0.0251147
	Aln	4	+fca746a0-1871-49ac-93c9-6b9c509c799b 1719 2279 3004 +edge_3_5_-disjointig_3_3678_4278 4 580 600 -1 -1 481 0.0317262
	Aln	7	+fca746a0-1871-49ac-93c9-6b9c509c799b 2285 2916 3004 -edge_4_0_+disjointig_3_2964_3990 18 657 1026 -1 -1 454 0.0672893
Chain
	Aln	6	-fca746a0-1871-49ac-93c9-6b9c509c799b 87 718 3004 +edge_4_0_+disjointig_3_2964_3990 368 1007 1026 -1 -1 454 0.0672893
	Aln	5	-fca746a0-1871-49ac-93c9-6b9c509c799b 724 1284 3004 -edge_3_5_-disjointig_3_3678_4278 19 595 600 -1 -1 481 0.0317262
	Aln	5	-fca746a0-1871-49ac-93c9-6b9c509c799b 1236 1835 3004 -edge_3_5_-disjointig_3_3678_4278 1 599 600 -1 -1 536 0.0251147
	Aln	5	-fca746a0-1871-49ac-93c9-6b9c509c799b 1875 2449 3004 -edge_3_5_-disjointig_3_3678_4278 1 579 600 -1 -1 571 0.00940113
	Aln	5	-fca746a0-1871-49ac-93c9-6b9c509c799b 2417 2992 3004 -edge_3_5_-disjointig_3_3678_4278 1 590 600 -1 -1 471 0.0410468
Chain
	Aln	9	+a5ab6116-aa9f-4475-b408-1b85144597a7 86 1716 1732 -edge_5_0_+disjointig_5_0_5079 2131 3840 5079 -1 -1 425 0.128797
Chain
	Aln	8	-a5ab6116-aa9f-4475-b408-1b85144597a7 15 1645 1732 +edge_5_0_+disjointig_5_0_5079 1238 2947 5079 -1 -1 425 0.128797
Chain
	Aln	5	+adf9c1e4-060b-45bc-a851-4f7d9bbcb152 3347 3499 4351 -edge_3_1_+disjointig_3_707_1330 413 600 623 -1 -1 32 0.136651
	Aln	5	+adf9c1e4-060b-45bc-a851-4f7d9bbcb152 3473 4149 4351 -edge_3_7_-disjointig_3_2415_3136 40 715 721 -1 -1 552 0.0538251
	Aln	5	+adf9c1e4-060b-45bc-a851-4f7d9bbcb152 4120 4263 4351 -edge_3_2_+disjointig_3_1330_1834 32 173 504 -1 -1 94 0.0631749
	Aln	5	+adf9c1e4-060b-45bc-a851-4f7d9bbcb152 4223 4349 4351 -edge_3_2_+disjointig_3_1330_1834 47 168 504 -1 -1 67 0.0694721
Chain
	Aln	4	-adf9c1e4-060b-45bc-a851-4f7d9bbcb152 1 127 4351 +edge_3_2_+disjointig_3_1330_1834 335 456 504 -1 -1 67 0.0694721
	Aln	4	-adf9c1e4-060b-45bc-a851-4f7d9bbcb152 87 230 4351 +edge_3_2_+disjointig_3_1330_1834 330 471 504 -1 -1 94 0.0631749
	Aln	4	-adf9c1e4-060b-45bc-a851-4f7d9bbcb152 201 877 4351 +edge_3_7_-disjointig_3_2415_3136 5 680 721 -1 -1 552 0.0538251
	Aln	4	-adf9c1e4-060b-45bc-a851-4f7d9bbcb152 851 1003 4351 +edge_3_1_+disjointig_3_707_1330 22 209 623 -1 -1 32 0.136651
Chain
	Aln	4	+28d92dfa-8cd4-40f4-ad5c-9d4d310bb638 0 573 2724 +edge_3_5_-disjointig_3_3678_4278 21 598 600 -1 -1 569 0.0135838
	Aln	4	+28d92dfa-8cd4-40f4-ad5c-9d4d310bb638 611 1190 2724 +edge_3_5_-disjointig_3_3678_4278 0 583 600 -1 -1 573 0.0152475
	Aln	4	+28d92dfa-8cd4-40f4-ad5c-9d4d310bb638 1153 1755 2724 +edge_3_5_-disjointig_3_3678_4278 0 598 600 -1 -1 573 0.0215547
	Aln	4	+28d92dfa-8cd4-40f4-ad5c-9d4d310bb638 1794 2394 2724 +edge_3_5_-disjointig_3_3678_4278 0 598 600 -1 -1 564 0.0157525
	Aln	4	+28d92dfa-8cd4-40f4-ad5c-9d4d310bb638 2366 2611 2724 +edge_3_2_+disjointig_3_1330_1834 23 266 504 -1 -1 121 0.118697
Chain
	Aln	5	-28d92dfa-8cd4-40f4-ad5c-9d4d310bb638 112 357 2724 -edge_3_2_+disjointig_3_1330_1834 237 480 504 -1 -1 121 0.118697
	Aln	5	-28d92dfa-8cd4-40f4-ad5c-9d4d310bb638 329 929 2724 -edge_3_5_-disjointig_3_3678_4278 1 599 600 -1 -1 564 0.0157525
	Aln	5	-28d92dfa-8cd4-40f4-ad5c-9d4d310bb638 968 1570 2724 -edge_3_5_-disjointig_3_3678_4278 1 599 600 -1 -1 573 0.0215547
	Aln	5	-28d92dfa-8cd4-40f4-ad5c-9d4d310bb638 1533 2112 2724 -edge_3_5_-disjointig_3_3678_4278 16 599 600 -1 -1 573 0.0152475
	Aln	5	-28d92dfa-8cd4-40f4-ad5c-9d4d310bb638 2150 2723 2724 -edge_3_5_-disjointig_3_3678_4278 1 578 600 -1 -1 569 0.0135838
Chain
	Aln	9	+1f8de606-f785-43be-a9d1-dbb2f6f96ae8 98 1391 1396 -edge_5_0_+disjointig_5_0_5079 2260 3706 5079 -1 -1 281 0.173813
Chain
	Aln	8	-1f8de606-f785-43be-a9d1-dbb2f6f96ae8 4 1297 1396 +edge_5_0_+disjointig_5_0_5079 1372 2818 5079 -1 -1 281 0.173813
Chain
	Aln	5	+65a7a950-869c-44d5-a027-cc39ab706d2e 0 631 1358 -edge_3_7_-disjointig_3_2415_3136 88 719 721 -1 -1 623 0.00619278
	Aln	5	+65a7a950-869c-44d5-a027-cc39ab706d2e 632 1348 1358 -edge_3_7_-disjointig_3_2415_3136 1 714 721 -1 -1 711 0.00348444
Chain
	Aln	4	-65a7a950-869c-44d5-a027-cc39ab706d2e 9 725 1358 +edge_3_7_-disjointig_3_2415_3136 6 719 721 -1 -1 711 0.00348444
	Aln	4	-65a7a950-869c-44d5-a027-cc39ab706d2e 726 1357 1358 +edge_3_7_-disjointig_3_2415_3136 1 632 721 -1 -1 623 0.00619278
Chain
	Aln	5	+946c6892-7cfd-4d65-b29b-8e510b619959 1 282 1742 -edge_3_5_-disjointig_3_3678_4278 304 599 600 -1 -1 253 0.0643879
	Aln	5	+946c6892-7cfd-4d65-b29b-8e510b619959 325 879 1742 -edge_3_5_-disjointig_3_3678_4278 1 574 600 -1 -1 438 0.0427891
	Aln	5	+946c6892-7cfd-4d65-b29b-8e510b619959 852 1436 1742 -edge_3_5_-disjointig_3_3678_4278 1 587 600 -1 -1 532 0.0209831
Chain
	Aln	4	-946c6892-7cfd-4d65-b29b-8e510b619959 305 889 1742 +edge_3_5_-disjointig_3_3678_4278 12 598 600 -1 -1 532 0.0209831
	Aln	4	-946c6892-7cfd-4d65-b29b-8e510b619959 862 1416 1742 +edge_3_5_-disjointig_3_3678_4278 25 598 600 -1 -1 438 0.0427891
	Aln	4	-946c6892-7cfd-4d65-b29b-8e510b619959 1459 1740 1742 +edge_3_5_-disjointig_3_3678_4278 0 295 600 -1 -1 253 0.0643879
Chain
	Aln	4	+db839309-3ac5-4263-9dd6-f07ea6ec7ca4 9 185 5311 +edge_3_4_+disjointig_3_2449_2964 320 513 515 -1 -1 122 0.0561506
	Aln	4	+db839309-3ac5-4263-9dd6-f07ea6ec7ca4 138 605 5311 +edge_3_8_-disjointig_3_1875_2415 37 538 540 -1 -1 349 0.0412805
	Aln	4	+db839309-3ac5-4263-9dd6-f07ea6ec7ca4 607 1301 5311 +edge_3_7_-disjointig_3_2415_3136 0 719 721 -1 -1 576 0.0363172
	Aln	4	+db839309-3ac5-4263-9dd6-f07ea6ec7ca4 1301 1832 5311 +edge_3_8_-disjointig_3_1875_2415 0 538 540 -1 -1 501 0.0189502
	Aln	4	+db839309-3ac5-4263-9dd6-f07ea6ec7ca4 1833 2313 5311 +edge_3_8_-disjointig_3_1875_2415 0 499 540 -1 -1 431 0.0306831
	Aln	4	+db839309-3ac5-4263-9dd6-f07ea6ec7ca4 2264 3071 5311 +edge_3_10_-disjointig_3_532_1337 0 803 805 -1 -1 689 0.0349079
	Aln	4	+db839309-3ac5-4263-9dd6-f07ea6ec7ca4 3071 3609 5311 +edge_3_8_-disjointig_3_1875_2415 0 538 540 -1 -1 484 0.0273561
	Aln	4	+db839309-3ac5-4263-9dd6-f07ea6ec7ca4 3611 4129 5311 +edge_3_8_-disjointig_3_1875_2415 0 538 540 -1 -1 438 0.0345064
	Aln	4	+db839309-3ac5-4263-9dd6-f07ea6ec7ca4 4131 4902 5311 +edge_3_10_-disjointig_3_532_1337 0 764 805 -1 -1 690 0.0212307
	Aln	4	+db839309-3ac5-4263-9dd6-f07ea6ec7ca4 4854 5309 5311 +edge_3_9_-disjointig_3_1337_1875 0 473 538 -1 -1 370 0.0343881
Chain
	Aln	5	-db839309-3ac5-4263-9dd6-f07ea6ec7ca4 1 456 5311 -edge_3_9_-disjointig_3_1337_1875 64 537 538 -1 -1 370 0.0343881
	Aln	5	-db839309-3ac5-4263-9dd6-f07ea6ec7ca4 408 1179 5311 -edge_3_10_-disjointig_3_532_1337 40 804 805 -1 -1 690 0.0212307
	Aln	5	-db839309-3ac5-4263-9dd6-f07ea6ec7ca4 1181 1699 5311 -edge_3_8_-disjointig_3_1875_2415 1 539 540 -1 -1 438 0.0345064
	Aln	5	-db839309-3ac5-4263-9dd6-f07ea6ec7ca4 1701 2239 5311 -edge_3_8_-disjointig_3_1875_2415 1 539 540 -1 -1 484 0.0273561
	Aln	5	-db839309-3ac5-4263-9dd6-f07ea6ec7ca4 2239 3046 5311 -edge_3_10_-disjointig_3_532_1337 1 804 805 -1 -1 689 0.0349079
	Aln	5	-db839309-3ac5-4263-9dd6-f07ea6ec7ca4 2997 3477 5311 -edge_3_8_-disjointig_3_1875_2415 40 539 540 -1 -1 431 0.0306831
	Aln	5	-db839309-3ac5-4263-9dd6-f07ea6ec7ca4 3478 4009 5311 -edge_3_8_-disjointig_3_1875_2415 1 539 540 -1 -1 501 0.0189502
	Aln	5	-db839309-3ac5-4263-9dd6-f07ea6ec7ca4 4009 4703 5311 -edge_3_7_-disjointig_3_2415_3136 1 720 721 -1 -1 576 0.0363172
	Aln	5	-db839309-3ac5-4263-9dd6-f07ea6ec7ca4 4705 5172 5311 -edge_3_8_-disjointig_3_1875_2415 1 502 540 -1 -1 349 0.0412805
	Aln	5	-db839309-3ac5-4263-9dd6-f07ea6ec7ca4 5125 5301 5311 -edge_3_4_+disjointig_3_2449_2964 1 194 515 -1 -1 122 0.0561506
Chain
	Aln	9	+cc0be893-7b03-4aca-9103-60333ba690c1 72 1235 1250 -edge_5_0_+disjointig_5_0_5079 1643 2908 5079 -1 -1 348 0.124777
Chain
	Aln	8	-cc0be893-7b03-4aca-9103-60333ba690c1 14 1177 1250 +edge_5_0_+disjointig_5_0_5079 2170 3435 5079 -1 -1 348 0.124777
Chain
	Aln	4	+896ddb56-9dce-4714-94e0-b18fee30f551 87 266 2244 +edge_3_6_-disjointig_3_3136_3678 362 540 542 -1 -1 161 0.0177754
	Aln	4	+896ddb56-9dce-4714-94e0-b18fee30f551 268 867 2244 +edge_3_5_-disjointig_3_3678_4278 0 598 600 -1 -1 598 0.00146837
	Aln	4	+896ddb56-9dce-4714-94e0-b18fee30f551 907 1502 2244 +edge_3_5_-disjointig_3_3678_4278 0 598 600 -1 -1 575 0.0149075
	Aln	7	+896ddb56-9dce-4714-94e0-b18fee30f551 1477 2165 2244 -edge_4_0_+disjointig_3_2964_3990 5 657 1026 -1 -1 625 0.00910686
Chain
	Aln	6	-896ddb56-9dce-4714-94e0-b18fee30f551 78 766 2244 +edge_4_0_+disjointig_3_2964_3990 368 1020 1026 -1 -1 625 0.00910686
	Aln	5	-896ddb56-9dce-4714-94e0-b18fee30f551 741 1336 2244 -edge_3_5_-disjointig_3_3678_4278 1 599 600 -1 -1 575 0.0149075
	Aln	5	-896ddb56-9dce-4714-94e0-b18fee30f551 1376 1975 2244 -edge_3_5_-disjointig_3_3678_4278 1 599 600 -1 -1 598 0.00146837
	Aln	5	-896ddb56-9dce-4714-94e0-b18fee30f551 1977 2156 2244 -edge_3_6_-disjointig_3_3136_3678 1 179 542 -1 -1 161 0.0177754
Chain
	Aln	21	+5ef46f46-15e2-43dc-8aea-c2cf48c25e29 2 2005 2516 -edge_11_0_+disjointig_7_6628_8475 1 1846 1847 -1 -1 1762 0.00899057
Chain
	Aln	20	-5ef46f46-15e2-43dc-8aea-c2cf48c25e29 510 2513 2516 +edge_11_0_+disjointig_7_6628_8475 0 1845 1847 -1 -1 1762 0.00899057
Chain
	Aln	4	+c20b00a8-90f1-4e65-8189-6138f84e0c58 6 511 1067 +edge_3_5_-disjointig_3_3678_4278 100 598 600 -1 -1 455 0.0243456
	Aln	7	+c20b00a8-90f1-4e65-8189-6138f84e0c58 486 1065 1067 -edge_4_0_+disjointig_3_2964_3990 5 592 1026 -1 -1 571 0.0185131
Chain
	Aln	6	-c20b00a8-90f1-4e65-8189-6138f84e0c58 1 580 1067 +edge_4_0_+disjointig_3_2964_3990 433 1020 1026 -1 -1 571 0.0185131
	Aln	5	-c20b00a8-90f1-4e65-8189-6138f84e0c58 555 1060 1067 -edge_3_5_-disjointig_3_3678_4278 1 499 600 -1 -1 455 0.0243456
Chain
	Aln	12	+b37670fa-accf-4524-8d0a-20d4f3269f15 298 727 2682 +edge_7_0_+disjointig_6_2846_3532 234 672 686 -1 -1 406 0.0154371
	Aln	12	+b37670fa-accf-4524-8d0a-20d4f3269f15 703 1396 2682 +edge_7_0_+disjointig_6_2846_3532 0 672 686 -1 -1 589 0.015629
	Aln	12	+b37670fa-accf-4524-8d0a-20d4f3269f15 1372 2056 2682 +edge_7_0_+disjointig_6_2846_3532 0 672 686 -1 -1 572 0.0139654
	Aln	12	+b37670fa-accf-4524-8d0a-20d4f3269f15 2032 2671 2682 +edge_7_0_+disjointig_6_2846_3532 0 631 686 -1 -1 534 0.0228115
Chain
	Aln	13	-b37670fa-accf-4524-8d0a-20d4f3269f15 10 649 2682 -edge_7_0_+disjointig_6_2846_3532 54 685 686 -1 -1 534 0.0228115
	Aln	13	-b37670fa-accf-4524-8d0a-20d4f3269f15 625 1309 2682 -edge_7_0_+disjointig_6_2846_3532 13 685 686 -1 -1 572 0.0139654
	Aln	13	-b37670fa-accf-4524-8d0a-20d4f3269f15 1285 1978 2682 -edge_7_0_+disjointig_6_2846_3532 13 685 686 -1 -1 589 0.015629
	Aln	13	-b37670fa-accf-4524-8d0a-20d4f3269f15 1954 2383 2682 -edge_7_0_+disjointig_6_2846_3532 13 451 686 -1 -1 406 0.0154371
Chain
	Aln	20	+4a08f64e-3503-472a-b170-5d5cb697933c 127 2123 2300 +edge_11_0_+disjointig_7_6628_8475 0 1845 1847 -1 -1 1301 0.0362441
Chain
	Aln	21	-4a08f64e-3503-472a-b170-5d5cb697933c 176 2172 2300 -edge_11_0_+disjointig_7_6628_8475 1 1846 1847 -1 -1 1301 0.0362441
Chain
	Aln	19	+9f946ec6-4d9d-4110-95c0-a2f34b4cf544 70 1483 1485 -edge_10_0_+disjointig_7_2768_4884 134 1543 2116 -1 -1 1363 0.00931192
Chain
	Aln	18	-9f946ec6-4d9d-4110-95c0-a2f34b4cf544 1 1414 1485 +edge_10_0_+disjointig_7_2768_4884 572 1981 2116 -1 -1 1363 0.00931192
Chain
	Aln	14	+a1cd2539-0d97-4234-8355-11614f1d8374 2 2435 2448 +edge_8_0_+disjointig_6_4830_8300 972 3401 3470 -1 -1 2073 0.0156498
Chain
	Aln	15	-a1cd2539-0d97-4234-8355-11614f1d8374 12 2445 2448 -edge_8_0_+disjointig_6_4830_8300 68 2497 3470 -1 -1 2073 0.0156498
Chain
	Aln	5	+2613ff10-ea28-4ecf-bb2e-5da525a79bef 1 229 2114 -edge_3_8_-disjointig_3_1875_2415 297 539 540 -1 -1 194 0.0509469
	Aln	5	+2613ff10-ea28-4ecf-bb2e-5da525a79bef 189 656 2114 -edge_3_6_-disjointig_3_3136_3678 49 518 542 -1 -1 377 0.0419058
	Aln	5	+2613ff10-ea28-4ecf-bb2e-5da525a79bef 607 1109 2114 -edge_3_9_-disjointig_3_1337_1875 15 513 538 -1 -1 427 0.0496673
Chain
	Aln	4	-2613ff10-ea28-4ecf-bb2e-5da525a79bef 1004 1506 2114 +edge_3_9_-disjointig_3_1337_1875 24 522 538 -1 -1 427 0.0496673
	Aln	4	-2613ff10-ea28-4ecf-bb2e-5da525a79bef 1457 1924 2114 +edge_3_6_-disjointig_3_3136_3678 23 492 542 -1 -1 377 0.0419058
	Aln	4	-2613ff10-ea28-4ecf-bb2e-5da525a79bef 1884 2112 2114 +edge_3_8_-disjointig_3_1875_2415 0 242 540 -1 -1 194 0.0509469
Chain
	Aln	9	+96b02579-3234-45fa-99ef-e4d7ae5e60ae 1 4150 4202 -edge_5_0_+disjointig_5_0_5079 894 5067 5079 -1 -1 866 0.128548
Chain
	Aln	8	-96b02579-3234-45fa-99ef-e4d7ae5e60ae 51 4200 4202 +edge_5_0_+disjointig_5_0_5079 11 4184 5079 -1 -1 866 0.128548
Chain
	Aln	6	+6be2b703-6dfc-4794-830b-8c8ebe4fa2d4 0 786 3515 +edge_4_0_+disjointig_3_2964_3990 220 1020 1026 -1 -1 717 0.0140492
	Aln	5	+6be2b703-6dfc-4794-830b-8c8ebe4fa2d4 761 1360 3515 -edge_3_5_-disjointig_3_3678_4278 1 599 600 -1 -1 593 0.0110163
	Aln	5	+6be2b703-6dfc-4794-830b-8c8ebe4fa2d4 1362 1885 3515 -edge_3_6_-disjointig_3_3136_3678 1 519 542 -1 -1 366 0.0512514
	Aln	5	+6be2b703-6dfc-4794-830b-8c8ebe4fa2d4 1857 2444 3515 -edge_3_5_-disjointig_3_3678_4278 1 587 600 -1 -1 573 0.0139446
	Aln	5	+6be2b703-6dfc-4794-830b-8c8ebe4fa2d4 2404 3004 3515 -edge_3_5_-disjointig_3_3678_4278 1 599 600 -1 -1 588 0.0161451
	Aln	5	+6be2b703-6dfc-4794-830b-8c8ebe4fa2d4 3006 3513 3515 -edge_3_6_-disjointig_3_3136_3678 1 504 542 -1 -1 351 0.0488791
Chain
	Aln	4	-6be2b703-6dfc-4794-830b-8c8ebe4fa2d4 1 508 3515 +edge_3_6_-disjointig_3_3136_3678 37 540 542 -1 -1 351 0.0488791
	Aln	4	-6be2b703-6dfc-4794-830b-8c8ebe4fa2d4 510 1110 3515 +edge_3_5_-disjointig_3_3678_4278 0 598 600 -1 -1 588 0.0161451
	Aln	4	-6be2b703-6dfc-4794-830b-8c8ebe4fa2d4 1070 1657 3515 +edge_3_5_-disjointig_3_3678_4278 12 598 600 -1 -1 573 0.0139446
	Aln	4	-6be2b703-6dfc-4794-830b-8c8ebe4fa2d4 1629 2152 3515 +edge_3_6_-disjointig_3_3136_3678 22 540 542 -1 -1 366 0.0512514
	Aln	4	-6be2b703-6dfc-4794-830b-8c8ebe4fa2d4 2154 2753 3515 +edge_3_5_-disjointig_3_3678_4278 0 598 600 -1 -1 593 0.0110163
	Aln	7	-6be2b703-6dfc-4794-830b-8c8ebe4fa2d4 2728 3514 3515 -edge_4_0_+disjointig_3_2964_3990 5 805 1026 -1 -1 717 0.0140492
Chain
	Aln	10	+38af61b7-2d7a-4111-95c9-8349cc0de515 44 820 2940 +edge_6_8_-disjointig_6_6539_7588 208 1036 1049 -1 -1 501 0.039592
	Aln	10	+38af61b7-2d7a-4111-95c9-8349cc0de515 802 1828 2940 +edge_6_8_-disjointig_6_6539_7588 0 1047 1049 -1 -1 117 0.161551
	Aln	10	+38af61b7-2d7a-4111-95c9-8349cc0de515 1799 2752 2940 +edge_6_8_-disjointig_6_6539_7588 0 1047 1049 -1 -1 595 0.0408112
	Aln	10	+38af61b7-2d7a-4111-95c9-8349cc0de515 2735 2938 2940 +edge_6_2_+disjointig_6_1086_1629 117 361 543 -1 -1 106 0.0758732
Chain
	Aln	11	-38af61b7-2d7a-4111-95c9-8349cc0de515 1 204 2940 -edge_6_2_+disjointig_6_1086_1629 181 425 543 -1 -1 106 0.0758732
	Aln	11	-38af61b7-2d7a-4111-95c9-8349cc0de515 187 1140 2940 -edge_6_8_-disjointig_6_6539_7588 1 1048 1049 -1 -1 595 0.0408112
	Aln	11	-38af61b7-2d7a-4111-95c9-8349cc0de515 1111 2137 2940 -edge_6_8_-disjointig_6_6539_7588 1 1048 1049 -1 -1 117 0.161551
	Aln	11	-38af61b7-2d7a-4111-95c9-8349cc0de515 2119 2895 2940 -edge_6_8_-disjointig_6_6539_7588 12 840 1049 -1 -1 501 0.039592
Chain
	Aln	4	+a89c92f1-3412-4cdc-ae71-a81746a2d493 0 799 6671 +edge_3_10_-disjointig_3_532_1337 0 803 805 -1 -1 756 0.011124
	Aln	4	+a89c92f1-3412-4cdc-ae71-a81746a2d493 799 1330 6671 +edge_3_8_-disjointig_3_1875_2415 0 538 540 -1 -1 473 0.0161022
	Aln	4	+a89c92f1-3412-4cdc-ae71-a81746a2d493 1331 1863 6671 +edge_3_8_-disjointig_3_1875_2415 0 538 540 -1 -1 524 0.0107891
	Aln	4	+a89c92f1-3412-4cdc-ae71-a81746a2d493 1865 2581 6671 +edge_3_7_-disjointig_3_2415_3136 0 719 721 -1 -1 714 0.00608364
	Aln	4	+a89c92f1-3412-4cdc-ae71-a81746a2d493 2581 3113 6671 +edge_3_8_-disjointig_3_1875_2415 0 538 540 -1 -1 511 0.0132461
	Aln	6	+a89c92f1-3412-4cdc-ae71-a81746a2d493 3116 4050 6671 +edge_4_0_+disjointig_3_2964_3990 0 989 1026 -1 -1 430 0.073612
	Aln	5	+a89c92f1-3412-4cdc-ae71-a81746a2d493 4003 4120 6671 -edge_3_2_+disjointig_3_1330_1834 38 167 504 -1 -1 60 0.0756938
	Aln	5	+a89c92f1-3412-4cdc-ae71-a81746a2d493 4179 4632 6671 -edge_3_9_-disjointig_3_1337_1875 1 498 538 -1 -1 350 0.0333472
	Aln	5	+a89c92f1-3412-4cdc-ae71-a81746a2d493 4584 5067 6671 -edge_3_8_-disjointig_3_1875_2415 1 512 540 -1 -1 377 0.0451566
	Aln	5	+a89c92f1-3412-4cdc-ae71-a81746a2d493 5101 5793 6671 -edge_3_10_-disjointig_3_532_1337 26 787 805 -1 -1 554 0.0481101
	Aln	5	+a89c92f1-3412-4cdc-ae71-a81746a2d493 5797 6293 6671 -edge_3_8_-disjointig_3_1875_2415 1 539 540 -1 -1 384 0.0386506
	Aln	5	+a89c92f1-3412-4cdc-ae71-a81746a2d493 6416 6551 6671 -edge_3_0_+disjointig_3_0_707 62 225 707 -1 -1 92 0.100517
Chain
	Aln	4	-a89c92f1-3412-4cdc-ae71-a81746a2d493 119 254 6671 +edge_3_0_+disjointig_3_0_707 481 644 707 -1 -1 92 0.100517
	Aln	4	-a89c92f1-3412-4cdc-ae71-a81746a2d493 377 873 6671 +edge_3_8_-disjointig_3_1875_2415 0 538 540 -1 -1 384 0.0386506
	Aln	4	-a89c92f1-3412-4cdc-ae71-a81746a2d493 877 1569 6671 +edge_3_10_-disjointig_3_532_1337 17 778 805 -1 -1 554 0.0481101
	Aln	4	-a89c92f1-3412-4cdc-ae71-a81746a2d493 1603 2086 6671 +edge_3_8_-disjointig_3_1875_2415 27 538 540 -1 -1 377 0.0451566
	Aln	4	-a89c92f1-3412-4cdc-ae71-a81746a2d493 2038 2491 6671 +edge_3_9_-disjointig_3_1337_1875 39 536 538 -1 -1 350 0.0333472
	Aln	4	-a89c92f1-3412-4cdc-ae71-a81746a2d493 2550 2667 6671 +edge_3_2_+disjointig_3_1330_1834 336 465 504 -1 -1 60 0.0756938
	Aln	7	-a89c92f1-3412-4cdc-ae71-a81746a2d493 2620 3554 6671 -edge_4_0_+disjointig_3_2964_3990 36 1025 1026 -1 -1 430 0.073612
	Aln	5	-a89c92f1-3412-4cdc-ae71-a81746a2d493 3557 4089 6671 -edge_3_8_-disjointig_3_1875_2415 1 539 540 -1 -1 511 0.0132461
	Aln	5	-a89c92f1-3412-4cdc-ae71-a81746a2d493 4089 4805 6671 -edge_3_7_-disjointig_3_2415_3136 1 720 721 -1 -1 714 0.00608364
	Aln	5	-a89c92f1-3412-4cdc-ae71-a81746a2d493 4807 5339 6671 -edge_3_8_-disjointig_3_1875_2415 1 539 540 -1 -1 524 0.0107891
	Aln	5	-a89c92f1-3412-4cdc-ae71-a81746a2d493 5340 5871 6671 -edge_3_8_-disjointig_3_1875_2415 1 539 540 -1 -1 473 0.0161022
	Aln	5	-a89c92f1-3412-4cdc-ae71-a81746a2d493 5871 6670 6671 -edge_3_10_-disjointig_3_532_1337 1 804 805 -1 -1 756 0.011124
Chain
	Aln	11	+0e56672d-b650-47d4-9bec-b8fe2dcb083d 9 151 1323 -edge_6_18_-disjointig_6_15_784 575 721 769 -1 -1 138 0.0161523
	Aln	11	+0e56672d-b650-47d4-9bec-b8fe2dcb083d 109 647 1323 -edge_6_1_+disjointig_6_543_1086 1 542 543 -1 -1 457 0.0222703
	Aln	11	+0e56672d-b650-47d4-9bec-b8fe2dcb083d 600 1164 1323 -edge_6_16_-disjointig_6_1382_1947 1 564 565 -1 -1 557 0.00856964
	Aln	11	+0e56672d-b650-47d4-9bec-b8fe2dcb083d 1166 1318 1323 -edge_6_17_-disjointig_6_784_1382 1 153 598 -1 -1 152 0.00507234
Chain
	Aln	10	-0e56672d-b650-47d4-9bec-b8fe2dcb083d 4 156 1323 +edge_6_17_-disjointig_6_784_1382 444 596 598 -1 -1 152 0.00507234
	Aln	10	-0e56672d-b650-47d4-9bec-b8fe2dcb083d 158 722 1323 +edge_6_16_-disjointig_6_1382_1947 0 563 565 -1 -1 557 0.00856964
	Aln	10	-0e56672d-b650-47d4-9bec-b8fe2dcb083d 675 1213 1323 +edge_6_1_+disjointig_6_543_1086 0 541 543 -1 -1 457 0.0222703
	Aln	10	-0e56672d-b650-47d4-9bec-b8fe2dcb083d 1171 1313 1323 +edge_6_18_-disjointig_6_15_784 47 193 769 -1 -1 138 0.0161523
Chain
	Aln	4	+5a061e29-9f1d-43bb-996c-3f2b947230d8 0 362 1358 +edge_3_8_-disjointig_3_1875_2415 176 538 540 -1 -1 361 0.00494201
	Aln	4	+5a061e29-9f1d-43bb-996c-3f2b947230d8 364 1074 1358 +edge_3_7_-disjointig_3_2415_3136 0 719 721 -1 -1 704 0.00608364
	Aln	4	+5a061e29-9f1d-43bb-996c-3f2b947230d8 1076 1356 1358 +edge_3_6_-disjointig_3_3136_3678 0 276 542 -1 -1 275 0.00729755
Chain
	Aln	5	-5a061e29-9f1d-43bb-996c-3f2b947230d8 1 281 1358 -edge_3_6_-disjointig_3_3136_3678 265 541 542 -1 -1 275 0.00729755
	Aln	5	-5a061e29-9f1d-43bb-996c-3f2b947230d8 283 993 1358 -edge_3_7_-disjointig_3_2415_3136 1 720 721 -1 -1 704 0.00608364
	Aln	5	-5a061e29-9f1d-43bb-996c-3f2b947230d8 995 1357 1358 -edge_3_8_-disjointig_3_1875_2415 1 363 540 -1 -1 361 0.00494201
Chain
	Aln	11	+5b60504c-9ccd-4261-9300-e4047e3e7cde 5 152 3247 -edge_6_4_+disjointig_6_2173_2846 487 631 673 -1 -1 143 0.0139156
	Aln	13	+5b60504c-9ccd-4261-9300-e4047e3e7cde 104 783 3247 -edge_7_0_+disjointig_6_2846_3532 13 685 686 -1 -1 609 0.011248
	Aln	13	+5b60504c-9ccd-4261-9300-e4047e3e7cde 759 1429 3247 -edge_7_0_+disjointig_6_2846_3532 13 685 686 -1 -1 611 0.00895466
	Aln	13	+5b60504c-9ccd-4261-9300-e4047e3e7cde 1405 2081 3247 -edge_7_0_+disjointig_6_2846_3532 13 685 686 -1 -1 589 0.0134957
	Aln	13	+5b60504c-9ccd-4261-9300-e4047e3e7cde 2057 2734 3247 -edge_7_0_+disjointig_6_2846_3532 13 685 686 -1 -1 610 0.00928706
	Aln	13	+5b60504c-9ccd-4261-9300-e4047e3e7cde 2764 3245 3247 -edge_7_0_+disjointig_6_2846_3532 13 494 686 -1 -1 481 0.000824225
Chain
	Aln	12	-5b60504c-9ccd-4261-9300-e4047e3e7cde 1 482 3247 +edge_7_0_+disjointig_6_2846_3532 191 672 686 -1 -1 481 0.000824225
	Aln	12	-5b60504c-9ccd-4261-9300-e4047e3e7cde 512 1189 3247 +edge_7_0_+disjointig_6_2846_3532 0 672 686 -1 -1 610 0.00928706
	Aln	12	-5b60504c-9ccd-4261-9300-e4047e3e7cde 1165 1841 3247 +edge_7_0_+disjointig_6_2846_3532 0 672 686 -1 -1 589 0.0134957
	Aln	12	-5b60504c-9ccd-4261-9300-e4047e3e7cde 1817 2487 3247 +edge_7_0_+disjointig_6_2846_3532 0 672 686 -1 -1 611 0.00895466
	Aln	12	-5b60504c-9ccd-4261-9300-e4047e3e7cde 2463 3142 3247 +edge_7_0_+disjointig_6_2846_3532 0 672 686 -1 -1 609 0.011248
	Aln	10	-5b60504c-9ccd-4261-9300-e4047e3e7cde 3094 3241 3247 +edge_6_4_+disjointig_6_2173_2846 41 185 673 -1 -1 143 0.0139156
Chain
	Aln	1	+1d46aea0-3bcf-4550-af61-384e9ca0bbf7 2 446 2448 -edge_1_1_+disjointig_1_1495_2000 60 504 505 -1 -1 444 0.000982229
	Aln	1	+1d46aea0-3bcf-4550-af61-384e9ca0bbf7 426 929 2448 -edge_1_1_+disjointig_1_1495_2000 1 504 505 -1 -1 503 0.000741473
	Aln	1	+1d46aea0-3bcf-4550-af61-384e9ca0bbf7 909 1412 2448 -edge_1_0_+disjointig_1_0_505 1 504 505 -1 -1 503 0.000741473
	Aln	1	+1d46aea0-3bcf-4550-af61-384e9ca0bbf7 1392 1895 2448 -edge_1_0_+disjointig_1_0_505 1 504 505 -1 -1 503 0.000741473
	Aln	1	+1d46aea0-3bcf-4550-af61-384e9ca0bbf7 1875 2446 2448 -edge_1_2_+disjointig_1_2956_3586 1 572 630 -1 -1 570 0.00235317
Chain
	Aln	0	-1d46aea0-3bcf-4550-af61-384e9ca0bbf7 1 572 2448 +edge_1_2_+disjointig_1_2956_3586 57 628 630 -1 -1 570 0.00235317
	Aln	0	-1d46aea0-3bcf-4550-af61-384e9ca0bbf7 552 1055 2448 +edge_1_0_+disjointig_1_0_505 0 503 505 -1 -1 503 0.000741473
	Aln	0	-1d46aea0-3bcf-4550-af61-384e9ca0bbf7 1035 1538 2448 +edge_1_0_+disjointig_1_0_505 0 503 505 -1 -1 503 0.000741473
	Aln	0	-1d46aea0-3bcf-4550-af61-384e9ca0bbf7 1518 2021 2448 +edge_1_1_+disjointig_1_1495_2000 0 503 505 -1 -1 503 0.000741473
	Aln	0	-1d46aea0-3bcf-4550-af61-384e9ca0bbf7 2001 2445 2448 +edge_1_1_+disjointig_1_1495_2000 0 444 505 -1 -1 444 0.000982229
Chain
	Aln	9	+6f7204f9-d60d-4758-8a30-7977f553be6c 108 1710 1785 -edge_5_0_+disjointig_5_0_5079 863 2711 5079 -1 -1 419 0.141431
Chain
	Aln	8	-6f7204f9-d60d-4758-8a30-7977f553be6c 74 1676 1785 +edge_5_0_+disjointig_5_0_5079 2367 4215 5079 -1 -1 419 0.141431
Chain
	Aln	5	+d99f4aba-28ca-46c5-9908-19315d400cf6 26 478 1118 -edge_3_6_-disjointig_3_3136_3678 77 527 542 -1 -1 334 0.0496317
	Aln	5	+d99f4aba-28ca-46c5-9908-19315d400cf6 442 1039 1118 -edge_3_5_-disjointig_3_3678_4278 1 595 600 -1 -1 587 0.0127805
Chain
	Aln	4	-d99f4aba-28ca-46c5-9908-19315d400cf6 78 675 1118 +edge_3_5_-disjointig_3_3678_4278 4 598 600 -1 -1 587 0.0127805
	Aln	4	-d99f4aba-28ca-46c5-9908-19315d400cf6 639 1091 1118 +edge_3_6_-disjointig_3_3136_3678 14 464 542 -1 -1 334 0.0496317
Chain
	Aln	4	+344d15d4-01ae-43c6-97b6-f8294d1f694c 0 139 2466 +edge_3_6_-disjointig_3_3136_3678 401 540 542 -1 -1 139 0.0056778
	Aln	4	+344d15d4-01ae-43c6-97b6-f8294d1f694c 141 739 2466 +edge_3_5_-disjointig_3_3678_4278 0 598 600 -1 -1 598 0.000454934
	Aln	7	+344d15d4-01ae-43c6-97b6-f8294d1f694c 805 1799 2466 -edge_4_0_+disjointig_3_2964_3990 5 987 1026 -1 -1 804 0.0244923
	Aln	5	+344d15d4-01ae-43c6-97b6-f8294d1f694c 1760 2315 2466 -edge_3_5_-disjointig_3_3678_4278 1 586 600 -1 -1 392 0.0511262
	Aln	5	+344d15d4-01ae-43c6-97b6-f8294d1f694c 2345 2457 2466 -edge_3_6_-disjointig_3_3136_3678 13 126 542 -1 -1 111 0.0324021
Chain
	Aln	4	-344d15d4-01ae-43c6-97b6-f8294d1f694c 8 120 2466 +edge_3_6_-disjointig_3_3136_3678 415 528 542 -1 -1 111 0.0324021
	Aln	4	-344d15d4-01ae-43c6-97b6-f8294d1f694c 150 705 2466 +edge_3_5_-disjointig_3_3678_4278 13 598 600 -1 -1 392 0.0511262
	Aln	6	-344d15d4-01ae-43c6-97b6-f8294d1f694c 666 1660 2466 +edge_4_0_+disjointig_3_2964_3990 38 1020 1026 -1 -1 804 0.0244923
	Aln	5	-344d15d4-01ae-43c6-97b6-f8294d1f694c 1726 2324 2466 -edge_3_5_-disjointig_3_3678_4278 1 599 600 -1 -1 598 0.000454934
	Aln	5	-344d15d4-01ae-43c6-97b6-f8294d1f694c 2326 2465 2466 -edge_3_6_-disjointig_3_3136_3678 1 140 542 -1 -1 139 0.0056778
Chain
	Aln	4	+dc0e1d9a-286e-406c-b42a-327df9ad2b1e 0 595 1211 +edge_3_5_-disjointig_3_3678_4278 1 598 600 -1 -1 593 0.00674505
	Aln	7	+dc0e1d9a-286e-406c-b42a-327df9ad2b1e 570 1209 1211 -edge_4_0_+disjointig_3_2964_3990 5 640 1026 -1 -1 622 0.0067234
Chain
	Aln	6	-dc0e1d9a-286e-406c-b42a-327df9ad2b1e 1 640 1211 +edge_4_0_+disjointig_3_2964_3990 385 1020 1026 -1 -1 622 0.0067234
	Aln	5	-dc0e1d9a-286e-406c-b42a-327df9ad2b1e 615 1210 1211 -edge_3_5_-disjointig_3_3678_4278 1 598 600 -1 -1 593 0.00674505
Chain
	Aln	0	+6d58c0e5-7ed0-4587-9621-c2bf80141695 22 502 5261 +edge_1_0_+disjointig_1_0_505 23 503 505 -1 -1 480 0.000828173
	Aln	0	+6d58c0e5-7ed0-4587-9621-c2bf80141695 482 985 5261 +edge_1_1_+disjointig_1_1495_2000 0 503 505 -1 -1 503 0.000741473
	Aln	0	+6d58c0e5-7ed0-4587-9621-c2bf80141695 965 1468 5261 +edge_1_1_+disjointig_1_1495_2000 0 503 505 -1 -1 503 0.000741473
	Aln	0	+6d58c0e5-7ed0-4587-9621-c2bf80141695 1448 1951 5261 +edge_1_1_+disjointig_1_1495_2000 0 503 505 -1 -1 502 0.0028272
	Aln	0	+6d58c0e5-7ed0-4587-9621-c2bf80141695 1931 2434 5261 +edge_1_1_+disjointig_1_1495_2000 0 503 505 -1 -1 503 0.000741473
	Aln	0	+6d58c0e5-7ed0-4587-9621-c2bf80141695 2414 2916 5261 +edge_1_1_+disjointig_1_1495_2000 0 503 505 -1 -1 494 0.00590364
	Aln	0	+6d58c0e5-7ed0-4587-9621-c2bf80141695 2896 3399 5261 +edge_1_0_+disjointig_1_0_505 0 503 505 -1 -1 502 0.0028272
	Aln	0	+6d58c0e5-7ed0-4587-9621-c2bf80141695 3379 3882 5261 +edge_1_1_+disjointig_1_1495_2000 0 503 505 -1 -1 502 0.0028272
	Aln	0	+6d58c0e5-7ed0-4587-9621-c2bf80141695 3862 4365 5261 +edge_1_0_+disjointig_1_0_505 0 503 505 -1 -1 503 0.000741473
	Aln	0	+6d58c0e5-7ed0-4587-9621-c2bf80141695 4345 4848 5261 +edge_1_1_+disjointig_1_1495_2000 0 503 505 -1 -1 501 0.00498961
	Aln	0	+6d58c0e5-7ed0-4587-9621-c2bf80141695 4828 5259 5261 +edge_1_0_+disjointig_1_0_505 0 436 505 -1 -1 429 0.00329914
Chain
	Aln	1	-6d58c0e5-7ed0-4587-9621-c2bf80141695 1 432 5261 -edge_1_0_+disjointig_1_0_505 68 504 505 -1 -1 429 0.00329914
	Aln	1	-6d58c0e5-7ed0-4587-9621-c2bf80141695 412 915 5261 -edge_1_1_+disjointig_1_1495_2000 1 504 505 -1 -1 501 0.00498961
	Aln	1	-6d58c0e5-7ed0-4587-9621-c2bf80141695 895 1398 5261 -edge_1_0_+disjointig_1_0_505 1 504 505 -1 -1 503 0.000741473
	Aln	1	-6d58c0e5-7ed0-4587-9621-c2bf80141695 1378 1881 5261 -edge_1_1_+disjointig_1_1495_2000 1 504 505 -1 -1 502 0.0028272
	Aln	1	-6d58c0e5-7ed0-4587-9621-c2bf80141695 1861 2364 5261 -edge_1_0_+disjointig_1_0_505 1 504 505 -1 -1 502 0.0028272
	Aln	1	-6d58c0e5-7ed0-4587-9621-c2bf80141695 2344 2846 5261 -edge_1_1_+disjointig_1_1495_2000 1 504 505 -1 -1 494 0.00590364
	Aln	1	-6d58c0e5-7ed0-4587-9621-c2bf80141695 2826 3329 5261 -edge_1_1_+disjointig_1_1495_2000 1 504 505 -1 -1 503 0.000741473
	Aln	1	-6d58c0e5-7ed0-4587-9621-c2bf80141695 3309 3812 5261 -edge_1_1_+disjointig_1_1495_2000 1 504 505 -1 -1 502 0.0028272
	Aln	1	-6d58c0e5-7ed0-4587-9621-c2bf80141695 3792 4295 5261 -edge_1_1_+disjointig_1_1495_2000 1 504 505 -1 -1 503 0.000741473
	Aln	1	-6d58c0e5-7ed0-4587-9621-c2bf80141695 4275 4778 5261 -edge_1_1_+disjointig_1_1495_2000 1 504 505 -1 -1 503 0.000741473
	Aln	1	-6d58c0e5-7ed0-4587-9621-c2bf80141695 4758 5238 5261 -edge_1_0_+disjointig_1_0_505 1 481 505 -1 -1 480 0.000828173
Chain
	Aln	5	+1340521d-e84b-49f7-b845-e1d80b949a90 150 435 1809 -edge_3_2_+disjointig_3_1330_1834 209 488 504 -1 -1 185 0.075942
	Aln	5	+1340521d-e84b-49f7-b845-e1d80b949a90 399 992 1809 -edge_3_5_-disjointig_3_3678_4278 1 599 600 -1 -1 581 0.0068435
	Aln	5	+1340521d-e84b-49f7-b845-e1d80b949a90 1031 1625 1809 -edge_3_5_-disjointig_3_3678_4278 1 599 600 -1 -1 591 0.00832413
	Aln	5	+1340521d-e84b-49f7-b845-e1d80b949a90 1648 1800 1809 -edge_3_6_-disjointig_3_3136_3678 25 179 542 -1 -1 152 0.0151241
Chain
	Aln	4	-1340521d-e84b-49f7-b845-e1d80b949a90 8 160 1809 +edge_3_6_-disjointig_3_3136_3678 362 516 542 -1 -1 152 0.0151241
	Aln	4	-1340521d-e84b-49f7-b845-e1d80b949a90 183 777 1809 +edge_3_5_-disjointig_3_3678_4278 0 598 600 -1 -1 591 0.00832413
	Aln	4	-1340521d-e84b-49f7-b845-e1d80b949a90 816 1409 1809 +edge_3_5_-disjointig_3_3678_4278 0 598 600 -1 -1 581 0.0068435
	Aln	4	-1340521d-e84b-49f7-b845-e1d80b949a90 1373 1658 1809 +edge_3_2_+disjointig_3_1330_1834 15 294 504 -1 -1 185 0.075942
Chain
	Aln	9	+3cb7a5e7-a81b-4215-aa82-ab1f411a94ef 342 2377 2498 -edge_5_0_+disjointig_5_0_5079 1829 3796 5079 -1 -1 386 0.165968
Chain
	Aln	8	-3cb7a5e7-a81b-4215-aa82-ab1f411a94ef 120 2155 2498 +edge_5_0_+disjointig_5_0_5079 1282 3249 5079 -1 -1 386 0.165968
Chain
	Aln	9	+0d23c600-6cf9-4fa5-b533-557e18734624 7 1519 1583 -edge_5_0_+disjointig_5_0_5079 841 2439 5079 -1 -1 357 0.115601
Chain
	Aln	8	-0d23c600-6cf9-4fa5-b533-557e18734624 63 1575 1583 +edge_5_0_+disjointig_5_0_5079 2639 4237 5079 -1 -1 357 0.115601
Chain
	Aln	4	+1d96a099-d87f-4a56-89fb-a793c1eb7c3e 1 624 6601 +edge_3_7_-disjointig_3_2415_3136 93 719 721 -1 -1 611 0.0111313
	Aln	4	+1d96a099-d87f-4a56-89fb-a793c1eb7c3e 624 1157 6601 +edge_3_8_-disjointig_3_1875_2415 0 538 540 -1 -1 533 0.00716003
	Aln	4	+1d96a099-d87f-4a56-89fb-a793c1eb7c3e 1159 1865 6601 +edge_3_7_-disjointig_3_2415_3136 0 719 721 -1 -1 700 0.00960364
	Aln	4	+1d96a099-d87f-4a56-89fb-a793c1eb7c3e 1866 2579 6601 +edge_3_7_-disjointig_3_2415_3136 0 719 721 -1 -1 711 0.00950569
	Aln	4	+1d96a099-d87f-4a56-89fb-a793c1eb7c3e 2580 3301 6601 +edge_3_7_-disjointig_3_2415_3136 0 719 721 -1 -1 716 0.00671059
	Aln	4	+1d96a099-d87f-4a56-89fb-a793c1eb7c3e 3301 3839 6601 +edge_3_8_-disjointig_3_1875_2415 0 538 540 -1 -1 536 0.00506117
	Aln	4	+1d96a099-d87f-4a56-89fb-a793c1eb7c3e 3841 4557 6601 +edge_3_7_-disjointig_3_2415_3136 0 719 721 -1 -1 715 0.00544076
	Aln	4	+1d96a099-d87f-4a56-89fb-a793c1eb7c3e 4558 5270 6601 +edge_3_7_-disjointig_3_2415_3136 0 719 721 -1 -1 706 0.00950569
	Aln	4	+1d96a099-d87f-4a56-89fb-a793c1eb7c3e 5271 6078 6601 +edge_3_10_-disjointig_3_532_1337 0 803 805 -1 -1 796 0.00955434
	Aln	4	+1d96a099-d87f-4a56-89fb-a793c1eb7c3e 6078 6595 6601 +edge_3_8_-disjointig_3_1875_2415 0 518 540 -1 -1 516 0.00443097
Chain
	Aln	5	-1d96a099-d87f-4a56-89fb-a793c1eb7c3e 5 522 6601 -edge_3_8_-disjointig_3_1875_2415 21 539 540 -1 -1 516 0.00443097
	Aln	5	-1d96a099-d87f-4a56-89fb-a793c1eb7c3e 522 1329 6601 -edge_3_10_-disjointig_3_532_1337 1 804 805 -1 -1 796 0.00955434
	Aln	5	-1d96a099-d87f-4a56-89fb-a793c1eb7c3e 1330 2042 6601 -edge_3_7_-disjointig_3_2415_3136 1 720 721 -1 -1 706 0.00950569
	Aln	5	-1d96a099-d87f-4a56-89fb-a793c1eb7c3e 2043 2759 6601 -edge_3_7_-disjointig_3_2415_3136 1 720 721 -1 -1 715 0.00544076
	Aln	5	-1d96a099-d87f-4a56-89fb-a793c1eb7c3e 2761 3299 6601 -edge_3_8_-disjointig_3_1875_2415 1 539 540 -1 -1 536 0.00506117
	Aln	5	-1d96a099-d87f-4a56-89fb-a793c1eb7c3e 3299 4020 6601 -edge_3_7_-disjointig_3_2415_3136 1 720 721 -1 -1 716 0.00671059
	Aln	5	-1d96a099-d87f-4a56-89fb-a793c1eb7c3e 4021 4734 6601 -edge_3_7_-disjointig_3_2415_3136 1 720 721 -1 -1 711 0.00950569
	Aln	5	-1d96a099-d87f-4a56-89fb-a793c1eb7c3e 4735 5441 6601 -edge_3_7_-disjointig_3_2415_3136 1 720 721 -1 -1 700 0.00960364
	Aln	5	-1d96a099-d87f-4a56-89fb-a793c1eb7c3e 5443 5976 6601 -edge_3_8_-disjointig_3_1875_2415 1 539 540 -1 -1 533 0.00716003
	Aln	5	-1d96a099-d87f-4a56-89fb-a793c1eb7c3e 5976 6599 6601 -edge_3_7_-disjointig_3_2415_3136 1 627 721 -1 -1 611 0.0111313
Chain
	Aln	8	+eb4fbe69-df50-49a3-8353-f1ca44847b42 54 1238 1273 +edge_5_0_+disjointig_5_0_5079 3049 4301 5079 -1 -1 323 0.122997
Chain
	Aln	9	-eb4fbe69-df50-49a3-8353-f1ca44847b42 34 1218 1273 -edge_5_0_+disjointig_5_0_5079 777 2029 5079 -1 -1 323 0.122997
Chain
	Aln	15	+35340339-7582-43a8-aa50-0607a47ff53f 8 1628 1952 -edge_8_0_+disjointig_6_4830_8300 865 2478 3470 -1 -1 638 0.101385
Chain
	Aln	14	-35340339-7582-43a8-aa50-0607a47ff53f 323 1943 1952 +edge_8_0_+disjointig_6_4830_8300 991 2604 3470 -1 -1 638 0.101385
Chain
	Aln	6	+840e951b-d992-480d-9aa3-266281a38273 20 636 1316 +edge_4_0_+disjointig_3_2964_3990 395 1020 1026 -1 -1 522 0.0381553
	Aln	5	+840e951b-d992-480d-9aa3-266281a38273 611 1179 1316 -edge_3_5_-disjointig_3_3678_4278 1 574 600 -1 -1 503 0.0396314
	Aln	5	+840e951b-d992-480d-9aa3-266281a38273 1205 1314 1316 -edge_3_6_-disjointig_3_3136_3678 1 111 542 -1 -1 101 0.025548
Chain
	Aln	4	-840e951b-d992-480d-9aa3-266281a38273 1 110 1316 +edge_3_6_-disjointig_3_3136_3678 430 540 542 -1 -1 101 0.025548
	Aln	4	-840e951b-d992-480d-9aa3-266281a38273 136 704 1316 +edge_3_5_-disjointig_3_3678_4278 25 598 600 -1 -1 503 0.0396314
	Aln	7	-840e951b-d992-480d-9aa3-266281a38273 679 1295 1316 -edge_4_0_+disjointig_3_2964_3990 5 630 1026 -1 -1 522 0.0381553
Chain
	Aln	4	+e789b9d5-8f78-474c-9a10-dd87e1707553 1 622 1277 +edge_3_7_-disjointig_3_2415_3136 85 719 721 -1 -1 616 0.00894779
	Aln	4	+e789b9d5-8f78-474c-9a10-dd87e1707553 623 1275 1277 +edge_3_7_-disjointig_3_2415_3136 0 654 721 -1 -1 651 0.00402987
Chain
	Aln	5	-e789b9d5-8f78-474c-9a10-dd87e1707553 1 653 1277 -edge_3_7_-disjointig_3_2415_3136 66 720 721 -1 -1 651 0.00402987
	Aln	5	-e789b9d5-8f78-474c-9a10-dd87e1707553 654 1275 1277 -edge_3_7_-disjointig_3_2415_3136 1 635 721 -1 -1 616 0.00894779
Chain
	Aln	9	+d077200a-e2ea-4ed5-a43a-4ecb2bf5d13f 19 1421 1703 -edge_5_0_+disjointig_5_0_5079 290 1745 5079 -1 -1 324 0.138379
Chain
	Aln	8	-d077200a-e2ea-4ed5-a43a-4ecb2bf5d13f 281 1683 1703 +edge_5_0_+disjointig_5_0_5079 3333 4788 5079 -1 -1 324 0.138379
Chain
	Aln	20	+d8973080-1e28-4438-aa68-bd3daa114699 9 1333 1349 +edge_11_0_+disjointig_7_6628_8475 303 1780 1847 -1 -1 1167 0.024611
Chain
	Aln	21	-d8973080-1e28-4438-aa68-bd3daa114699 15 1339 1349 -edge_11_0_+disjointig_7_6628_8475 66 1543 1847 -1 -1 1167 0.024611
Chain
	Aln	5	+cde0dbcc-bc57-4a2e-9f22-d2f01ea2220e 4 540 2957 -edge_3_5_-disjointig_3_3678_4278 62 599 600 -1 -1 506 0.0135563
	Aln	5	+cde0dbcc-bc57-4a2e-9f22-d2f01ea2220e 542 1084 2957 -edge_3_6_-disjointig_3_3136_3678 1 527 542 -1 -1 321 0.0576046
	Aln	5	+cde0dbcc-bc57-4a2e-9f22-d2f01ea2220e 1048 1640 2957 -edge_3_5_-disjointig_3_3678_4278 1 599 600 -1 -1 551 0.0171424
	Aln	5	+cde0dbcc-bc57-4a2e-9f22-d2f01ea2220e 1611 2179 2957 -edge_3_5_-disjointig_3_3678_4278 24 599 600 -1 -1 560 0.0127296
	Aln	5	+cde0dbcc-bc57-4a2e-9f22-d2f01ea2220e 2218 2816 2957 -edge_3_5_-disjointig_3_3678_4278 1 599 600 -1 -1 578 0.0107976
	Aln	5	+cde0dbcc-bc57-4a2e-9f22-d2f01ea2220e 2818 2955 2957 -edge_3_6_-disjointig_3_3136_3678 1 138 542 -1 -1 136 0.0146089
Chain
	Aln	4	-cde0dbcc-bc57-4a2e-9f22-d2f01ea2220e 1 138 2957 +edge_3_6_-disjointig_3_3136_3678 403 540 542 -1 -1 136 0.0146089
	Aln	4	-cde0dbcc-bc57-4a2e-9f22-d2f01ea2220e 140 738 2957 +edge_3_5_-disjointig_3_3678_4278 0 598 600 -1 -1 578 0.0107976
	Aln	4	-cde0dbcc-bc57-4a2e-9f22-d2f01ea2220e 777 1345 2957 +edge_3_5_-disjointig_3_3678_4278 0 575 600 -1 -1 560 0.0127296
	Aln	4	-cde0dbcc-bc57-4a2e-9f22-d2f01ea2220e 1316 1908 2957 +edge_3_5_-disjointig_3_3678_4278 0 598 600 -1 -1 551 0.0171424
	Aln	4	-cde0dbcc-bc57-4a2e-9f22-d2f01ea2220e 1872 2414 2957 +edge_3_6_-disjointig_3_3136_3678 14 540 542 -1 -1 321 0.0576046
	Aln	4	-cde0dbcc-bc57-4a2e-9f22-d2f01ea2220e 2416 2952 2957 +edge_3_5_-disjointig_3_3678_4278 0 537 600 -1 -1 506 0.0135563
Chain
	Aln	4	+9aa2ec26-75ad-4518-9bc3-9dc6806f89b5 1 116 4366 +edge_3_0_+disjointig_3_0_707 450 564 707 -1 -1 66 0.0989847
	Aln	4	+9aa2ec26-75ad-4518-9bc3-9dc6806f89b5 80 684 4366 +edge_3_5_-disjointig_3_3678_4278 0 598 600 -1 -1 562 0.011025
	Aln	4	+9aa2ec26-75ad-4518-9bc3-9dc6806f89b5 722 1370 4366 +edge_3_5_-disjointig_3_3678_4278 0 598 600 -1 -1 567 0.0104529
	Aln	4	+9aa2ec26-75ad-4518-9bc3-9dc6806f89b5 1407 2003 4366 +edge_3_5_-disjointig_3_3678_4278 0 598 600 -1 -1 577 0.00729512
	Aln	4	+9aa2ec26-75ad-4518-9bc3-9dc6806f89b5 2039 2639 4366 +edge_3_5_-disjointig_3_3678_4278 0 598 600 -1 -1 578 0.0118421
	Aln	4	+9aa2ec26-75ad-4518-9bc3-9dc6806f89b5 2595 3171 4366 +edge_3_5_-disjointig_3_3678_4278 9 598 600 -1 -1 537 0.0253628
	Aln	4	+9aa2ec26-75ad-4518-9bc3-9dc6806f89b5 3208 3801 4366 +edge_3_5_-disjointig_3_3678_4278 0 598 600 -1 -1 560 0.0131287
	Aln	7	+9aa2ec26-75ad-4518-9bc3-9dc6806f89b5 3776 4351 4366 -edge_4_0_+disjointig_3_2964_3990 5 576 1026 -1 -1 511 0.0182844
Chain
	Aln	6	-9aa2ec26-75ad-4518-9bc3-9dc6806f89b5 14 589 4366 +edge_4_0_+disjointig_3_2964_3990 449 1020 1026 -1 -1 511 0.0182844
	Aln	5	-9aa2ec26-75ad-4518-9bc3-9dc6806f89b5 564 1157 4366 -edge_3_5_-disjointig_3_3678_4278 1 599 600 -1 -1 560 0.0131287
	Aln	5	-9aa2ec26-75ad-4518-9bc3-9dc6806f89b5 1194 1770 4366 -edge_3_5_-disjointig_3_3678_4278 1 590 600 -1 -1 537 0.0253628
	Aln	5	-9aa2ec26-75ad-4518-9bc3-9dc6806f89b5 1726 2326 4366 -edge_3_5_-disjointig_3_3678_4278 1 599 600 -1 -1 578 0.0118421
	Aln	5	-9aa2ec26-75ad-4518-9bc3-9dc6806f89b5 2362 2958 4366 -edge_3_5_-disjointig_3_3678_4278 1 599 600 -1 -1 577 0.00729512
	Aln	5	-9aa2ec26-75ad-4518-9bc3-9dc6806f89b5 2995 3643 4366 -edge_3_5_-disjointig_3_3678_4278 1 599 600 -1 -1 567 0.0104529
	Aln	5	-9aa2ec26-75ad-4518-9bc3-9dc6806f89b5 3681 4285 4366 -edge_3_5_-disjointig_3_3678_4278 1 599 600 -1 -1 562 0.011025
	Aln	5	-9aa2ec26-75ad-4518-9bc3-9dc6806f89b5 4249 4364 4366 -edge_3_0_+disjointig_3_0_707 142 256 707 -1 -1 66 0.0989847
Chain
	Aln	7	+37c16a3e-a90e-4265-af61-990b50d822d4 40 784 1450 -edge_4_0_+disjointig_3_2964_3990 33 790 1026 -1 -1 580 0.0185049
	Aln	5	+37c16a3e-a90e-4265-af61-990b50d822d4 754 1147 1450 -edge_3_5_-disjointig_3_3678_4278 170 599 600 -1 -1 321 0.0474909
	Aln	5	+37c16a3e-a90e-4265-af61-990b50d822d4 1149 1380 1450 -edge_3_6_-disjointig_3_3136_3678 1 179 542 -1 -1 139 0.0488016
Chain
	Aln	4	-37c16a3e-a90e-4265-af61-990b50d822d4 69 300 1450 +edge_3_6_-disjointig_3_3136_3678 362 540 542 -1 -1 139 0.0488016
	Aln	4	-37c16a3e-a90e-4265-af61-990b50d822d4 302 695 1450 +edge_3_5_-disjointig_3_3678_4278 0 429 600 -1 -1 321 0.0474909
	Aln	6	-37c16a3e-a90e-4265-af61-990b50d822d4 665 1409 1450 +edge_4_0_+disjointig_3_2964_3990 235 992 1026 -1 -1 580 0.0185049
Chain
	Aln	21	+6400c353-3752-417d-8f84-bae25fdfb657 1 1001 1086 -edge_11_0_+disjointig_7_6628_8475 21 1107 1847 -1 -1 64 0.187553
Chain
	Aln	20	-6400c353-3752-417d-8f84-bae25fdfb657 84 1084 1086 +edge_11_0_+disjointig_7_6628_8475 739 1825 1847 -1 -1 64 0.187553
Chain
	Aln	10	+e3374918-bc2a-4f55-9ac6-a16b36cdd175 5 146 1516 +edge_6_16_-disjointig_6_1382_1947 386 528 565 -1 -1 141 0.0129211
	Aln	10	+e3374918-bc2a-4f55-9ac6-a16b36cdd175 147 876 1516 +edge_6_11_-disjointig_6_4225_5049 8 811 824 -1 -1 692 0.0113949
	Aln	10	+e3374918-bc2a-4f55-9ac6-a16b36cdd175 877 1514 1516 +edge_6_11_-disjointig_6_4225_5049 8 719 824 -1 -1 601 0.011449
Chain
	Aln	11	-e3374918-bc2a-4f55-9ac6-a16b36cdd175 1 638 1516 -edge_6_11_-disjointig_6_4225_5049 104 815 824 -1 -1 601 0.011449
	Aln	11	-e3374918-bc2a-4f55-9ac6-a16b36cdd175 639 1368 1516 -edge_6_11_-disjointig_6_4225_5049 12 815 824 -1 -1 692 0.0113949
	Aln	11	-e3374918-bc2a-4f55-9ac6-a16b36cdd175 1369 1510 1516 -edge_6_16_-disjointig_6_1382_1947 36 178 565 -1 -1 141 0.0129211
Chain
	Aln	4	+2cbdc4fa-827e-4f9d-81bd-c037b41dd8f3 23 145 1540 +edge_3_2_+disjointig_3_1330_1834 374 492 504 -1 -1 61 0.0776833
	Aln	7	+2cbdc4fa-827e-4f9d-81bd-c037b41dd8f3 115 999 1540 -edge_4_0_+disjointig_3_2964_3990 5 889 1026 -1 -1 772 0.0178681
	Aln	5	+2cbdc4fa-827e-4f9d-81bd-c037b41dd8f3 986 1397 1540 -edge_3_1_+disjointig_3_707_1330 226 567 623 -1 -1 119 0.125278
	Aln	5	+2cbdc4fa-827e-4f9d-81bd-c037b41dd8f3 1366 1537 1540 -edge_3_6_-disjointig_3_3136_3678 1 179 542 -1 -1 143 0.0334702
Chain
	Aln	4	-2cbdc4fa-827e-4f9d-81bd-c037b41dd8f3 2 173 1540 +edge_3_6_-disjointig_3_3136_3678 362 540 542 -1 -1 143 0.0334702
	Aln	4	-2cbdc4fa-827e-4f9d-81bd-c037b41dd8f3 142 553 1540 +edge_3_1_+disjointig_3_707_1330 55 396 623 -1 -1 119 0.125278
	Aln	6	-2cbdc4fa-827e-4f9d-81bd-c037b41dd8f3 540 1424 1540 +edge_4_0_+disjointig_3_2964_3990 136 1020 1026 -1 -1 772 0.0178681
	Aln	5	-2cbdc4fa-827e-4f9d-81bd-c037b41dd8f3 1394 1516 1540 -edge_3_2_+disjointig_3_1330_1834 11 129 504 -1 -1 61 0.0776833
Chain
	Aln	6	+3c479b86-10eb-48fb-b7ac-f4f3b07e9ea0 64 625 4113 +edge_4_0_+disjointig_3_2964_3990 460 1020 1026 -1 -1 531 0.0169767
	Aln	5	+3c479b86-10eb-48fb-b7ac-f4f3b07e9ea0 600 1202 4113 -edge_3_5_-disjointig_3_3678_4278 1 599 600 -1 -1 597 0.00645357
	Aln	5	+3c479b86-10eb-48fb-b7ac-f4f3b07e9ea0 1167 1749 4113 -edge_3_5_-disjointig_3_3678_4278 18 599 600 -1 -1 580 0.00413407
	Aln	5	+3c479b86-10eb-48fb-b7ac-f4f3b07e9ea0 1789 2387 4113 -edge_3_5_-disjointig_3_3678_4278 1 599 600 -1 -1 591 0.0117679
	Aln	5	+3c479b86-10eb-48fb-b7ac-f4f3b07e9ea0 2389 2907 4113 -edge_3_6_-disjointig_3_3136_3678 1 518 542 -1 -1 373 0.0509606
	Aln	5	+3c479b86-10eb-48fb-b7ac-f4f3b07e9ea0 2880 3476 4113 -edge_3_5_-disjointig_3_3678_4278 1 599 600 -1 -1 571 0.0189107
	Aln	5	+3c479b86-10eb-48fb-b7ac-f4f3b07e9ea0 3516 4111 4113 -edge_3_5_-disjointig_3_3678_4278 1 595 600 -1 -1 593 0.00444857
Chain
	Aln	4	-3c479b86-10eb-48fb-b7ac-f4f3b07e9ea0 1 596 4113 +edge_3_5_-disjointig_3_3678_4278 4 598 600 -1 -1 593 0.00444857
	Aln	4	-3c479b86-10eb-48fb-b7ac-f4f3b07e9ea0 636 1232 4113 +edge_3_5_-disjointig_3_3678_4278 0 598 600 -1 -1 571 0.0189107
	Aln	4	-3c479b86-10eb-48fb-b7ac-f4f3b07e9ea0 1205 1723 4113 +edge_3_6_-disjointig_3_3136_3678 23 540 542 -1 -1 373 0.0509606
	Aln	4	-3c479b86-10eb-48fb-b7ac-f4f3b07e9ea0 1725 2323 4113 +edge_3_5_-disjointig_3_3678_4278 0 598 600 -1 -1 591 0.0117679
	Aln	4	-3c479b86-10eb-48fb-b7ac-f4f3b07e9ea0 2363 2945 4113 +edge_3_5_-disjointig_3_3678_4278 0 581 600 -1 -1 580 0.00413407
	Aln	4	-3c479b86-10eb-48fb-b7ac-f4f3b07e9ea0 2910 3512 4113 +edge_3_5_-disjointig_3_3678_4278 0 598 600 -1 -1 597 0.00645357
	Aln	7	-3c479b86-10eb-48fb-b7ac-f4f3b07e9ea0 3487 4048 4113 -edge_4_0_+disjointig_3_2964_3990 5 565 1026 -1 -1 531 0.0169767
Chain
	Aln	4	+1c9f8363-cad2-4a3e-bd42-7b40555b7576 0 521 4261 +edge_3_8_-disjointig_3_1875_2415 2 523 540 -1 -1 515 0.0145068
	Aln	4	+1c9f8363-cad2-4a3e-bd42-7b40555b7576 538 1326 4261 +edge_3_10_-disjointig_3_532_1337 0 787 805 -1 -1 743 0.0217389
	Aln	4	+1c9f8363-cad2-4a3e-bd42-7b40555b7576 1343 2042 4261 +edge_3_7_-disjointig_3_2415_3136 0 703 721 -1 -1 691 0.0184193
	Aln	4	+1c9f8363-cad2-4a3e-bd42-7b40555b7576 2059 2747 4261 +edge_3_7_-disjointig_3_2415_3136 0 689 721 -1 -1 681 0.0128601
	Aln	4	+1c9f8363-cad2-4a3e-bd42-7b40555b7576 2699 3250 4261 +edge_3_1_+disjointig_3_707_1330 9 566 623 -1 -1 439 0.0458496
	Aln	4	+1c9f8363-cad2-4a3e-bd42-7b40555b7576 3222 3737 4261 +edge_3_8_-disjointig_3_1875_2415 0 513 540 -1 -1 483 0.0180943
	Aln	4	+1c9f8363-cad2-4a3e-bd42-7b40555b7576 3763 4259 4261 +edge_3_8_-disjointig_3_1875_2415 0 495 540 -1 -1 489 0.0170005
Chain
	Aln	5	-1c9f8363-cad2-4a3e-bd42-7b40555b7576 1 497 4261 -edge_3_8_-disjointig_3_1875_2415 44 539 540 -1 -1 489 0.0170005
	Aln	5	-1c9f8363-cad2-4a3e-bd42-7b40555b7576 523 1038 4261 -edge_3_8_-disjointig_3_1875_2415 26 539 540 -1 -1 483 0.0180943
	Aln	5	-1c9f8363-cad2-4a3e-bd42-7b40555b7576 1010 1561 4261 -edge_3_1_+disjointig_3_707_1330 56 613 623 -1 -1 439 0.0458496
	Aln	5	-1c9f8363-cad2-4a3e-bd42-7b40555b7576 1513 2201 4261 -edge_3_7_-disjointig_3_2415_3136 31 720 721 -1 -1 681 0.0128601
	Aln	5	-1c9f8363-cad2-4a3e-bd42-7b40555b7576 2218 2917 4261 -edge_3_7_-disjointig_3_2415_3136 17 720 721 -1 -1 691 0.0184193
	Aln	5	-1c9f8363-cad2-4a3e-bd42-7b40555b7576 2934 3722 4261 -edge_3_10_-disjointig_3_532_1337 17 804 805 -1 -1 743 0.0217389
	Aln	5	-1c9f8363-cad2-4a3e-bd42-7b40555b7576 3739 4260 4261 -edge_3_8_-disjointig_3_1875_2415 16 537 540 -1 -1 515 0.0145068
Chain
	Aln	15	+8c46cb90-ee56-4a70-aaf0-b09a2d9e9627 10 1288 1290 -edge_8_0_+disjointig_6_4830_8300 1207 2491 3470 -1 -1 1198 0.0119837
Chain
	Aln	14	-8c46cb90-ee56-4a70-aaf0-b09a2d9e9627 1 1279 1290 +edge_8_0_+disjointig_6_4830_8300 978 2262 3470 -1 -1 1198 0.0119837
Chain
	Aln	4	+f356b8b3-1c00-4d80-9987-13521fb2efac 0 587 1040 +edge_3_5_-disjointig_3_3678_4278 9 598 600 -1 -1 586 0.00461704
	Aln	4	+f356b8b3-1c00-4d80-9987-13521fb2efac 551 1038 1040 +edge_3_6_-disjointig_3_3136_3678 14 502 542 -1 -1 347 0.0458246
Chain
	Aln	5	-f356b8b3-1c00-4d80-9987-13521fb2efac 1 488 1040 -edge_3_6_-disjointig_3_3136_3678 39 527 542 -1 -1 347 0.0458246
	Aln	5	-f356b8b3-1c00-4d80-9987-13521fb2efac 452 1039 1040 -edge_3_5_-disjointig_3_3678_4278 1 590 600 -1 -1 586 0.00461704
Chain
	Aln	6	+f8c917f2-2fb0-4a5b-8f82-578568dca011 3 575 1124 +edge_4_0_+disjointig_3_2964_3990 449 1020 1026 -1 -1 571 0.00158943
	Aln	5	+f8c917f2-2fb0-4a5b-8f82-578568dca011 550 1092 1124 -edge_3_5_-disjointig_3_3678_4278 1 543 600 -1 -1 541 0.00254033
Chain
	Aln	4	-f8c917f2-2fb0-4a5b-8f82-578568dca011 31 573 1124 +edge_3_5_-disjointig_3_3678_4278 56 598 600 -1 -1 541 0.00254033
	Aln	7	-f8c917f2-2fb0-4a5b-8f82-578568dca011 548 1120 1124 -edge_4_0_+disjointig_3_2964_3990 5 576 1026 -1 -1 571 0.00158943
Chain
	Aln	11	+b8673dc7-fd7b-4401-8860-6c881ada3efc 176 425 1612 -edge_6_4_+disjointig_6_2173_2846 392 631 673 -1 -1 93 0.0761818
	Aln	11	+b8673dc7-fd7b-4401-8860-6c881ada3efc 401 896 1612 -edge_6_3_+disjointig_6_1629_2173 106 543 544 -1 -1 172 0.0745239
	Aln	11	+b8673dc7-fd7b-4401-8860-6c881ada3efc 851 1346 1612 -edge_6_3_+disjointig_6_1629_2173 106 543 544 -1 -1 173 0.0676433
	Aln	11	+b8673dc7-fd7b-4401-8860-6c881ada3efc 1301 1606 1612 -edge_6_3_+disjointig_6_1629_2173 106 381 544 -1 -1 140 0.0519036
Chain
	Aln	10	-b8673dc7-fd7b-4401-8860-6c881ada3efc 5 310 1612 +edge_6_3_+disjointig_6_1629_2173 162 437 544 -1 -1 140 0.0519036
	Aln	10	-b8673dc7-fd7b-4401-8860-6c881ada3efc 265 760 1612 +edge_6_3_+disjointig_6_1629_2173 0 437 544 -1 -1 173 0.0676433
	Aln	10	-b8673dc7-fd7b-4401-8860-6c881ada3efc 715 1210 1612 +edge_6_3_+disjointig_6_1629_2173 0 437 544 -1 -1 172 0.0745239
	Aln	10	-b8673dc7-fd7b-4401-8860-6c881ada3efc 1186 1435 1612 +edge_6_4_+disjointig_6_2173_2846 41 280 673 -1 -1 93 0.0761818
Chain
	Aln	9	+211a4c3d-caea-4d05-a221-5980bccaba18 34 1091 1168 -edge_5_0_+disjointig_5_0_5079 589 1680 5079 -1 -1 278 0.115288
Chain
	Aln	8	-211a4c3d-caea-4d05-a221-5980bccaba18 76 1133 1168 +edge_5_0_+disjointig_5_0_5079 3398 4489 5079 -1 -1 278 0.115288
Chain
	Aln	4	+d56b7f02-8e02-4edb-bbad-bf095528504e 0 514 6053 +edge_3_5_-disjointig_3_3678_4278 82 598 600 -1 -1 511 0.00793337
	Aln	4	+d56b7f02-8e02-4edb-bbad-bf095528504e 478 988 6053 +edge_3_8_-disjointig_3_1875_2415 16 523 540 -1 -1 338 0.0721358
	Aln	7	+d56b7f02-8e02-4edb-bbad-bf095528504e 942 1947 6053 -edge_4_0_+disjointig_3_2964_3990 5 965 1026 -1 -1 763 0.0249573
	Aln	5	+d56b7f02-8e02-4edb-bbad-bf095528504e 2042 2550 6053 -edge_3_5_-disjointig_3_3678_4278 55 599 600 -1 -1 330 0.0694949
	Aln	5	+d56b7f02-8e02-4edb-bbad-bf095528504e 2504 3140 6053 -edge_3_5_-disjointig_3_3678_4278 7 599 600 -1 -1 385 0.0527215
	Aln	5	+d56b7f02-8e02-4edb-bbad-bf095528504e 3092 3672 6053 -edge_3_5_-disjointig_3_3678_4278 1 599 600 -1 -1 519 0.0413293
	Aln	5	+d56b7f02-8e02-4edb-bbad-bf095528504e 3673 4189 6053 -edge_3_6_-disjointig_3_3136_3678 1 527 542 -1 -1 346 0.0620397
	Aln	5	+d56b7f02-8e02-4edb-bbad-bf095528504e 4153 4740 6053 -edge_3_5_-disjointig_3_3678_4278 1 595 600 -1 -1 558 0.0279298
Chain
	Aln	8	+d56b7f02-8e02-4edb-bbad-bf095528504e 4787 6024 6053 +edge_5_0_+disjointig_5_0_5079 3033 4366 5079 -1 -1 390 0.107114
Chain
	Aln	4	-d56b7f02-8e02-4edb-bbad-bf095528504e 1312 1899 6053 +edge_3_5_-disjointig_3_3678_4278 4 598 600 -1 -1 558 0.0279298
	Aln	4	-d56b7f02-8e02-4edb-bbad-bf095528504e 1863 2379 6053 +edge_3_6_-disjointig_3_3136_3678 14 540 542 -1 -1 346 0.0620397
	Aln	4	-d56b7f02-8e02-4edb-bbad-bf095528504e 2380 2960 6053 +edge_3_5_-disjointig_3_3678_4278 0 598 600 -1 -1 519 0.0413293
	Aln	4	-d56b7f02-8e02-4edb-bbad-bf095528504e 2912 3548 6053 +edge_3_5_-disjointig_3_3678_4278 0 592 600 -1 -1 385 0.0527215
	Aln	4	-d56b7f02-8e02-4edb-bbad-bf095528504e 3502 4010 6053 +edge_3_5_-disjointig_3_3678_4278 0 544 600 -1 -1 330 0.0694949
	Aln	6	-d56b7f02-8e02-4edb-bbad-bf095528504e 4105 5110 6053 +edge_4_0_+disjointig_3_2964_3990 60 1020 1026 -1 -1 763 0.0249573
	Aln	5	-d56b7f02-8e02-4edb-bbad-bf095528504e 5064 5574 6053 -edge_3_8_-disjointig_3_1875_2415 16 523 540 -1 -1 338 0.0721358
	Aln	5	-d56b7f02-8e02-4edb-bbad-bf095528504e 5538 6052 6053 -edge_3_5_-disjointig_3_3678_4278 1 517 600 -1 -1 511 0.00793337
Chain
	Aln	9	-d56b7f02-8e02-4edb-bbad-bf095528504e 28 1265 6053 -edge_5_0_+disjointig_5_0_5079 712 2045 5079 -1 -1 390 0.107114
Chain
	Aln	4	+03e97db3-8749-49ae-9348-43f148d4a245 4 504 1128 +edge_3_5_-disjointig_3_3678_4278 98 598 600 -1 -1 500 0.000752323
	Aln	7	+03e97db3-8749-49ae-9348-43f148d4a245 479 1102 1128 -edge_4_0_+disjointig_3_2964_3990 5 628 1026 -1 -1 622 0.00246187
Chain
	Aln	6	-03e97db3-8749-49ae-9348-43f148d4a245 25 648 1128 +edge_4_0_+disjointig_3_2964_3990 397 1020 1026 -1 -1 622 0.00246187
	Aln	5	-03e97db3-8749-49ae-9348-43f148d4a245 623 1123 1128 -edge_3_5_-disjointig_3_3678_4278 1 501 600 -1 -1 500 0.000752323
Chain
	Aln	17	+93c553bc-7018-4003-8bea-c276bde7aac5 0 1218 3089 -edge_9_0_+disjointig_7_0_2768 1018 2293 2768 -1 -1 1109 0.0236479
Chain
	Aln	16	+93c553bc-7018-4003-8bea-c276bde7aac5 1910 3087 3089 +edge_9_0_+disjointig_7_0_2768 688 1885 2768 -1 -1 1083 0.0258365
Chain
	Aln	16	-93c553bc-7018-4003-8bea-c276bde7aac5 1870 3088 3089 +edge_9_0_+disjointig_7_0_2768 474 1749 2768 -1 -1 1109 0.0236479
Chain
	Aln	17	-93c553bc-7018-4003-8bea-c276bde7aac5 1 1178 3089 -edge_9_0_+disjointig_7_0_2768 882 2079 2768 -1 -1 1083 0.0258365
Chain
	Aln	12	+7fbf8442-62a9-468d-8c58-94367a6154ac 0 260 2172 +edge_7_0_+disjointig_6_2846_3532 338 672 686 -1 -1 215 0.0327664
	Aln	12	+7fbf8442-62a9-468d-8c58-94367a6154ac 236 803 2172 +edge_7_0_+disjointig_6_2846_3532 0 672 686 -1 -1 452 0.0331176
	Aln	12	+7fbf8442-62a9-468d-8c58-94367a6154ac 779 1346 2172 +edge_7_0_+disjointig_6_2846_3532 0 672 686 -1 -1 453 0.0329614
	Aln	12	+7fbf8442-62a9-468d-8c58-94367a6154ac 1322 1889 2172 +edge_7_0_+disjointig_6_2846_3532 0 672 686 -1 -1 454 0.0303669
	Aln	10	+7fbf8442-62a9-468d-8c58-94367a6154ac 1847 2148 2172 +edge_6_18_-disjointig_6_15_784 77 390 769 -1 -1 246 0.0194336
Chain
	Aln	11	-7fbf8442-62a9-468d-8c58-94367a6154ac 23 324 2172 -edge_6_18_-disjointig_6_15_784 378 691 769 -1 -1 246 0.0194336
	Aln	13	-7fbf8442-62a9-468d-8c58-94367a6154ac 282 849 2172 -edge_7_0_+disjointig_6_2846_3532 13 685 686 -1 -1 454 0.0303669
	Aln	13	-7fbf8442-62a9-468d-8c58-94367a6154ac 825 1392 2172 -edge_7_0_+disjointig_6_2846_3532 13 685 686 -1 -1 453 0.0329614
	Aln	13	-7fbf8442-62a9-468d-8c58-94367a6154ac 1368 1935 2172 -edge_7_0_+disjointig_6_2846_3532 13 685 686 -1 -1 452 0.0331176
	Aln	13	-7fbf8442-62a9-468d-8c58-94367a6154ac 1911 2171 2172 -edge_7_0_+disjointig_6_2846_3532 13 347 686 -1 -1 215 0.0327664
Chain
	Aln	4	+2aa6828a-5954-4edd-82f7-f21a103f3203 0 530 1551 +edge_3_5_-disjointig_3_3678_4278 67 598 600 -1 -1 529 0.00429079
	Aln	6	+2aa6828a-5954-4edd-82f7-f21a103f3203 481 1509 1551 +edge_4_0_+disjointig_3_2964_3990 28 1020 1026 -1 -1 650 0.0625076
Chain
	Aln	7	-2aa6828a-5954-4edd-82f7-f21a103f3203 41 1069 1551 -edge_4_0_+disjointig_3_2964_3990 5 997 1026 -1 -1 650 0.0625076
	Aln	5	-2aa6828a-5954-4edd-82f7-f21a103f3203 1020 1550 1551 -edge_3_5_-disjointig_3_3678_4278 1 532 600 -1 -1 529 0.00429079
Chain
	Aln	4	+ef2e949b-032c-44d1-bc5b-47b46716e0c7 12 608 3132 +edge_3_5_-disjointig_3_3678_4278 0 598 600 -1 -1 582 0.0106774
	Aln	4	+ef2e949b-032c-44d1-bc5b-47b46716e0c7 647 1246 3132 +edge_3_5_-disjointig_3_3678_4278 0 598 600 -1 -1 584 0.00876946
	Aln	4	+ef2e949b-032c-44d1-bc5b-47b46716e0c7 1285 1882 3132 +edge_3_5_-disjointig_3_3678_4278 0 598 600 -1 -1 596 0.003669
	Aln	4	+ef2e949b-032c-44d1-bc5b-47b46716e0c7 1921 2517 3132 +edge_3_5_-disjointig_3_3678_4278 0 597 600 -1 -1 592 0.00708344
	Aln	7	+ef2e949b-032c-44d1-bc5b-47b46716e0c7 2493 3130 3132 -edge_4_0_+disjointig_3_2964_3990 5 642 1026 -1 -1 634 0.00336964
Chain
	Aln	6	-ef2e949b-032c-44d1-bc5b-47b46716e0c7 1 638 3132 +edge_4_0_+disjointig_3_2964_3990 383 1020 1026 -1 -1 634 0.00336964
	Aln	5	-ef2e949b-032c-44d1-bc5b-47b46716e0c7 614 1210 3132 -edge_3_5_-disjointig_3_3678_4278 2 599 600 -1 -1 592 0.00708344
	Aln	5	-ef2e949b-032c-44d1-bc5b-47b46716e0c7 1249 1846 3132 -edge_3_5_-disjointig_3_3678_4278 1 599 600 -1 -1 596 0.003669
	Aln	5	-ef2e949b-032c-44d1-bc5b-47b46716e0c7 1885 2484 3132 -edge_3_5_-disjointig_3_3678_4278 1 599 600 -1 -1 584 0.00876946
	Aln	5	-ef2e949b-032c-44d1-bc5b-47b46716e0c7 2523 3119 3132 -edge_3_5_-disjointig_3_3678_4278 1 599 600 -1 -1 582 0.0106774
Chain
	Aln	4	+eab7ae90-9aba-4cb9-b1f3-ff629d2b1307 1 176 1021 +edge_3_6_-disjointig_3_3136_3678 365 540 542 -1 -1 174 0.0108395
	Aln	4	+eab7ae90-9aba-4cb9-b1f3-ff629d2b1307 178 773 1021 +edge_3_5_-disjointig_3_3678_4278 0 598 600 -1 -1 583 0.00661898
	Aln	4	+eab7ae90-9aba-4cb9-b1f3-ff629d2b1307 737 1019 1021 +edge_3_2_+disjointig_3_1330_1834 15 290 504 -1 -1 180 0.080926
Chain
	Aln	5	-eab7ae90-9aba-4cb9-b1f3-ff629d2b1307 1 283 1021 -edge_3_2_+disjointig_3_1330_1834 213 488 504 -1 -1 180 0.080926
	Aln	5	-eab7ae90-9aba-4cb9-b1f3-ff629d2b1307 247 842 1021 -edge_3_5_-disjointig_3_3678_4278 1 599 600 -1 -1 583 0.00661898
	Aln	5	-eab7ae90-9aba-4cb9-b1f3-ff629d2b1307 844 1019 1021 -edge_3_6_-disjointig_3_3136_3678 1 176 542 -1 -1 174 0.0108395
Chain
	Aln	17	+52da85f7-30a7-4632-81ad-8b1acb3bebd0 14 1375 1408 -edge_9_0_+disjointig_7_0_2768 367 1555 2768 -1 -1 636 0.0562401
Chain
	Aln	16	-52da85f7-30a7-4632-81ad-8b1acb3bebd0 32 1393 1408 +edge_9_0_+disjointig_7_0_2768 1212 2400 2768 -1 -1 636 0.0562401
Chain
	Aln	9	+fa6578bd-e51a-4a2f-8016-87ba78103398 108 2134 2136 -edge_5_0_+disjointig_5_0_5079 856 3100 5079 -1 -1 549 0.115398
Chain
	Aln	8	-fa6578bd-e51a-4a2f-8016-87ba78103398 1 2027 2136 +edge_5_0_+disjointig_5_0_5079 1978 4222 5079 -1 -1 549 0.115398
Chain
	Aln	9	+bea591a5-4366-45c1-8c69-19d8c189cb36 25 1523 1758 -edge_5_0_+disjointig_5_0_5079 538 2155 5079 -1 -1 421 0.119595
Chain
	Aln	8	-bea591a5-4366-45c1-8c69-19d8c189cb36 234 1732 1758 +edge_5_0_+disjointig_5_0_5079 2923 4540 5079 -1 -1 421 0.119595
Chain
	Aln	11	+ee84d0b4-4e18-447c-bc71-9573832fec1e 1 385 11083 -edge_6_2_+disjointig_6_1086_1629 158 542 543 -1 -1 384 0.00130448
	Aln	11	+ee84d0b4-4e18-447c-bc71-9573832fec1e 343 873 11083 -edge_6_0_+disjointig_6_0_543 1 531 543 -1 -1 528 0.0061532
	Aln	11	+ee84d0b4-4e18-447c-bc71-9573832fec1e 825 1367 11083 -edge_6_2_+disjointig_6_1086_1629 1 542 543 -1 -1 531 0.00964201
	Aln	11	+ee84d0b4-4e18-447c-bc71-9573832fec1e 1325 1865 11083 -edge_6_0_+disjointig_6_0_543 1 542 543 -1 -1 540 0.00243169
	Aln	11	+ee84d0b4-4e18-447c-bc71-9573832fec1e 1856 2391 11083 -edge_6_3_+disjointig_6_1629_2173 7 543 544 -1 -1 519 0.00644032
	Aln	11	+ee84d0b4-4e18-447c-bc71-9573832fec1e 2348 2891 11083 -edge_6_1_+disjointig_6_543_1086 1 542 543 -1 -1 529 0.00584841
	Aln	11	+ee84d0b4-4e18-447c-bc71-9573832fec1e 2844 3411 11083 -edge_6_16_-disjointig_6_1382_1947 1 564 565 -1 -1 545 0.00987244
	Aln	11	+ee84d0b4-4e18-447c-bc71-9573832fec1e 3374 3915 11083 -edge_6_2_+disjointig_6_1086_1629 1 542 543 -1 -1 536 0.00490512
	Aln	11	+ee84d0b4-4e18-447c-bc71-9573832fec1e 3873 4413 11083 -edge_6_0_+disjointig_6_0_543 1 542 543 -1 -1 540 0.00243169
	Aln	11	+ee84d0b4-4e18-447c-bc71-9573832fec1e 4407 4987 11083 -edge_6_12_-disjointig_6_3639_4225 1 585 586 -1 -1 568 0.00880563
	Aln	11	+ee84d0b4-4e18-447c-bc71-9573832fec1e 4941 5482 11083 -edge_6_2_+disjointig_6_1086_1629 1 542 543 -1 -1 536 0.00490512
	Aln	11	+ee84d0b4-4e18-447c-bc71-9573832fec1e 5440 5980 11083 -edge_6_0_+disjointig_6_0_543 1 542 543 -1 -1 540 0.00243169
	Aln	11	+ee84d0b4-4e18-447c-bc71-9573832fec1e 5974 6555 11083 -edge_6_12_-disjointig_6_3639_4225 1 585 586 -1 -1 569 0.00704607
	Aln	11	+ee84d0b4-4e18-447c-bc71-9573832fec1e 6509 7050 11083 -edge_6_2_+disjointig_6_1086_1629 1 542 543 -1 -1 536 0.00490512
	Aln	11	+ee84d0b4-4e18-447c-bc71-9573832fec1e 7008 7541 11083 -edge_6_0_+disjointig_6_0_543 1 531 543 -1 -1 527 0.00463334
	Aln	11	+ee84d0b4-4e18-447c-bc71-9573832fec1e 7493 8035 11083 -edge_6_2_+disjointig_6_1086_1629 1 542 543 -1 -1 532 0.00886629
	Aln	11	+ee84d0b4-4e18-447c-bc71-9573832fec1e 7993 8537 11083 -edge_6_0_+disjointig_6_0_543 1 542 543 -1 -1 535 0.00869891
	Aln	11	+ee84d0b4-4e18-447c-bc71-9573832fec1e 8528 9064 11083 -edge_6_3_+disjointig_6_1629_2173 7 543 544 -1 -1 532 0.00293284
	Aln	11	+ee84d0b4-4e18-447c-bc71-9573832fec1e 9021 9564 11083 -edge_6_1_+disjointig_6_543_1086 1 542 543 -1 -1 529 0.00572674
	Aln	11	+ee84d0b4-4e18-447c-bc71-9573832fec1e 9517 10083 11083 -edge_6_16_-disjointig_6_1382_1947 1 564 565 -1 -1 533 0.0133738
	Aln	11	+ee84d0b4-4e18-447c-bc71-9573832fec1e 10046 10587 11083 -edge_6_2_+disjointig_6_1086_1629 1 542 543 -1 -1 534 0.00711126
	Aln	11	+ee84d0b4-4e18-447c-bc71-9573832fec1e 10545 11081 11083 -edge_6_0_+disjointig_6_0_543 1 541 543 -1 -1 520 0.00455619
Chain
	Aln	10	-ee84d0b4-4e18-447c-bc71-9573832fec1e 1 537 11083 +edge_6_0_+disjointig_6_0_543 1 541 543 -1 -1 520 0.00455619
	Aln	10	-ee84d0b4-4e18-447c-bc71-9573832fec1e 495 1036 11083 +edge_6_2_+disjointig_6_1086_1629 0 541 543 -1 -1 534 0.00711126
	Aln	10	-ee84d0b4-4e18-447c-bc71-9573832fec1e 999 1565 11083 +edge_6_16_-disjointig_6_1382_1947 0 563 565 -1 -1 533 0.0133738
	Aln	10	-ee84d0b4-4e18-447c-bc71-9573832fec1e 1518 2061 11083 +edge_6_1_+disjointig_6_543_1086 0 541 543 -1 -1 529 0.00572674
	Aln	10	-ee84d0b4-4e18-447c-bc71-9573832fec1e 2018 2554 11083 +edge_6_3_+disjointig_6_1629_2173 0 536 544 -1 -1 532 0.00293284
	Aln	10	-ee84d0b4-4e18-447c-bc71-9573832fec1e 2545 3089 11083 +edge_6_0_+disjointig_6_0_543 0 541 543 -1 -1 535 0.00869891
	Aln	10	-ee84d0b4-4e18-447c-bc71-9573832fec1e 3047 3589 11083 +edge_6_2_+disjointig_6_1086_1629 0 541 543 -1 -1 532 0.00886629
	Aln	10	-ee84d0b4-4e18-447c-bc71-9573832fec1e 3541 4074 11083 +edge_6_0_+disjointig_6_0_543 11 541 543 -1 -1 527 0.00463334
	Aln	10	-ee84d0b4-4e18-447c-bc71-9573832fec1e 4032 4573 11083 +edge_6_2_+disjointig_6_1086_1629 0 541 543 -1 -1 536 0.00490512
	Aln	10	-ee84d0b4-4e18-447c-bc71-9573832fec1e 4527 5108 11083 +edge_6_12_-disjointig_6_3639_4225 0 584 586 -1 -1 569 0.00704607
	Aln	10	-ee84d0b4-4e18-447c-bc71-9573832fec1e 5102 5642 11083 +edge_6_0_+disjointig_6_0_543 0 541 543 -1 -1 540 0.00243169
	Aln	10	-ee84d0b4-4e18-447c-bc71-9573832fec1e 5600 6141 11083 +edge_6_2_+disjointig_6_1086_1629 0 541 543 -1 -1 536 0.00490512
	Aln	10	-ee84d0b4-4e18-447c-bc71-9573832fec1e 6095 6675 11083 +edge_6_12_-disjointig_6_3639_4225 0 584 586 -1 -1 568 0.00880563
	Aln	10	-ee84d0b4-4e18-447c-bc71-9573832fec1e 6669 7209 11083 +edge_6_0_+disjointig_6_0_543 0 541 543 -1 -1 540 0.00243169
	Aln	10	-ee84d0b4-4e18-447c-bc71-9573832fec1e 7167 7708 11083 +edge_6_2_+disjointig_6_1086_1629 0 541 543 -1 -1 536 0.00490512
	Aln	10	-ee84d0b4-4e18-447c-bc71-9573832fec1e 7671 8238 11083 +edge_6_16_-disjointig_6_1382_1947 0 563 565 -1 -1 545 0.00987244
	Aln	10	-ee84d0b4-4e18-447c-bc71-9573832fec1e 8191 8734 11083 +edge_6_1_+disjointig_6_543_1086 0 541 543 -1 -1 529 0.00584841
	Aln	10	-ee84d0b4-4e18-447c-bc71-9573832fec1e 8691 9226 11083 +edge_6_3_+disjointig_6_1629_2173 0 536 544 -1 -1 519 0.00644032
	Aln	10	-ee84d0b4-4e18-447c-bc71-9573832fec1e 9217 9757 11083 +edge_6_0_+disjointig_6_0_543 0 541 543 -1 -1 540 0.00243169
	Aln	10	-ee84d0b4-4e18-447c-bc71-9573832fec1e 9715 10257 11083 +edge_6_2_+disjointig_6_1086_1629 0 541 543 -1 -1 531 0.00964201
	Aln	10	-ee84d0b4-4e18-447c-bc71-9573832fec1e 10209 10739 11083 +edge_6_0_+disjointig_6_0_543 11 541 543 -1 -1 528 0.0061532
	Aln	10	-ee84d0b4-4e18-447c-bc71-9573832fec1e 10697 11081 11083 +edge_6_2_+disjointig_6_1086_1629 0 384 543 -1 -1 384 0.00130448
Chain
	Aln	9	+29ea5380-eb36-4d93-a0a4-d73417d59941 11 4066 4112 -edge_5_0_+disjointig_5_0_5079 13 3372 5079 -1 -1 2177 0.0578927
Chain
	Aln	8	-29ea5380-eb36-4d93-a0a4-d73417d59941 45 4100 4112 +edge_5_0_+disjointig_5_0_5079 1706 5065 5079 -1 -1 2177 0.0578927
Chain
	Aln	10	+eee6a740-4a31-47f8-bd23-5ca7782748d3 0 960 5134 +edge_6_8_-disjointig_6_6539_7588 51 1047 1049 -1 -1 919 0.00891093
	Aln	10	+eee6a740-4a31-47f8-bd23-5ca7782748d3 931 1945 5134 +edge_6_8_-disjointig_6_6539_7588 0 1047 1049 -1 -1 977 0.00904838
	Aln	10	+eee6a740-4a31-47f8-bd23-5ca7782748d3 1916 2805 5134 +edge_6_8_-disjointig_6_6539_7588 0 922 1049 -1 -1 854 0.00564231
Chain
	Aln	15	+eee6a740-4a31-47f8-bd23-5ca7782748d3 2769 5123 5134 -edge_8_0_+disjointig_6_4830_8300 1 2330 3470 -1 -1 1936 0.0205804
Chain
	Aln	14	-eee6a740-4a31-47f8-bd23-5ca7782748d3 10 2364 5134 +edge_8_0_+disjointig_6_4830_8300 1139 3468 3470 -1 -1 1936 0.0205804
Chain
	Aln	11	-eee6a740-4a31-47f8-bd23-5ca7782748d3 2328 3217 5134 -edge_6_8_-disjointig_6_6539_7588 126 1048 1049 -1 -1 854 0.00564231
	Aln	11	-eee6a740-4a31-47f8-bd23-5ca7782748d3 3188 4202 5134 -edge_6_8_-disjointig_6_6539_7588 1 1048 1049 -1 -1 977 0.00904838
	Aln	11	-eee6a740-4a31-47f8-bd23-5ca7782748d3 4173 5133 5134 -edge_6_8_-disjointig_6_6539_7588 1 997 1049 -1 -1 919 0.00891093
Chain
	Aln	10	+397902fe-faae-4958-9c0d-8efed2fe708d 0 458 1279 +edge_6_10_-disjointig_6_5049_5655 106 584 606 -1 -1 392 0.0193468
	Aln	10	+397902fe-faae-4958-9c0d-8efed2fe708d 411 605 1279 +edge_6_2_+disjointig_6_1086_1629 0 243 543 -1 -1 150 0.0301498
Chain
	Aln	15	+397902fe-faae-4958-9c0d-8efed2fe708d 676 1258 1279 -edge_8_0_+disjointig_6_4830_8300 1098 1821 3470 -1 -1 431 0.0380497
Chain
	Aln	14	-397902fe-faae-4958-9c0d-8efed2fe708d 20 602 1279 +edge_8_0_+disjointig_6_4830_8300 1648 2371 3470 -1 -1 431 0.0380497
Chain
	Aln	11	-397902fe-faae-4958-9c0d-8efed2fe708d 673 867 1279 -edge_6_2_+disjointig_6_1086_1629 299 542 543 -1 -1 150 0.0301498
	Aln	11	-397902fe-faae-4958-9c0d-8efed2fe708d 820 1278 1279 -edge_6_10_-disjointig_6_5049_5655 21 499 606 -1 -1 392 0.0193468
Chain
	Aln	0	+1f8d3027-edcd-4257-951c-1f8ecfa1ef00 0 570 1331 +edge_1_3_+disjointig_1_4543_5168 51 611 625 -1 -1 71 0.149634
Chain
	Aln	2	+1f8d3027-edcd-4257-951c-1f8ecfa1ef00 550 1319 1331 +edge_2_0_+disjointig_1_505_1495 35 640 990 -1 -1 446 0.0434437
Chain
	Aln	3	-1f8d3027-edcd-4257-951c-1f8ecfa1ef00 11 780 1331 -edge_2_0_+disjointig_1_505_1495 349 954 990 -1 -1 446 0.0434437
Chain
	Aln	1	-1f8d3027-edcd-4257-951c-1f8ecfa1ef00 760 1330 1331 -edge_1_3_+disjointig_1_4543_5168 13 573 625 -1 -1 71 0.149634
Chain
	Aln	16	+2a635d4b-93de-4d1a-b32f-02f07a19e8a2 1 2751 8141 +edge_9_0_+disjointig_7_0_2768 1 2766 2768 -1 -1 2442 0.0100996
Chain
	Aln	18	+2a635d4b-93de-4d1a-b32f-02f07a19e8a2 2749 4722 8141 +edge_10_0_+disjointig_7_2768_4884 136 2114 2116 -1 -1 1867 0.00874137
	Aln	18	+2a635d4b-93de-4d1a-b32f-02f07a19e8a2 4725 6842 8141 +edge_10_0_+disjointig_7_2768_4884 0 2114 2116 -1 -1 2021 0.00695448
	Aln	18	+2a635d4b-93de-4d1a-b32f-02f07a19e8a2 6845 8139 8141 +edge_10_1_+disjointig_7_4884_6628 0 1290 1744 -1 -1 1269 0.0049868
Chain
	Aln	19	-2a635d4b-93de-4d1a-b32f-02f07a19e8a2 1 1295 8141 -edge_10_1_+disjointig_7_4884_6628 453 1743 1744 -1 -1 1269 0.0049868
	Aln	19	-2a635d4b-93de-4d1a-b32f-02f07a19e8a2 1298 3415 8141 -edge_10_0_+disjointig_7_2768_4884 1 2115 2116 -1 -1 2021 0.00695448
	Aln	19	-2a635d4b-93de-4d1a-b32f-02f07a19e8a2 3418 5391 8141 -edge_10_0_+disjointig_7_2768_4884 1 1979 2116 -1 -1 1867 0.00874137
Chain
	Aln	17	-2a635d4b-93de-4d1a-b32f-02f07a19e8a2 5389 8139 8141 -edge_9_0_+disjointig_7_0_2768 1 2766 2768 -1 -1 2442 0.0100996
