Chain
	Aln	10	+e74784b0-f0f8-44fa-b536-a566a296ba47 192 2178 2841 +edge_6_0_+disjointig_8_0_2742 431 2453 2742 -1 -1 1220 0.0389987
Chain
	Aln	11	-e74784b0-f0f8-44fa-b536-a566a296ba47 662 2648 2841 -edge_6_0_+disjointig_8_0_2742 288 2310 2742 -1 -1 1220 0.0389987
Chain
	Aln	9	+0498e6f2-0bc8-4ab1-9ba8-8700074d0a04 608 1922 1970 -edge_5_0_+disjointig_5_4671_6023 7 1312 1352 -1 -1 272 0.136884
Chain
	Aln	8	-0498e6f2-0bc8-4ab1-9ba8-8700074d0a04 47 1361 1970 +edge_5_0_+disjointig_5_4671_6023 39 1344 1352 -1 -1 272 0.136884
Chain
	Aln	11	+4f5b9dd5-663c-4d2a-b248-3425b18725ab 20 1432 2150 -edge_6_1_+disjointig_8_2742_5189 1034 2446 2447 -1 -1 1359 0.0122803
	Aln	11	+4f5b9dd5-663c-4d2a-b248-3425b18725ab 1434 2148 2150 -edge_6_0_+disjointig_8_0_2742 1 721 2742 -1 -1 638 0.0221929
Chain
	Aln	10	-4f5b9dd5-663c-4d2a-b248-3425b18725ab 1 715 2150 +edge_6_0_+disjointig_8_0_2742 2020 2740 2742 -1 -1 638 0.0221929
	Aln	10	-4f5b9dd5-663c-4d2a-b248-3425b18725ab 717 2129 2150 +edge_6_1_+disjointig_8_2742_5189 0 1412 2447 -1 -1 1359 0.0122803
Chain
	Aln	5	+51f3d9ee-b1cf-46c7-a3c7-1b6d513bdf7e 0 477 1281 -edge_3_0_+disjointig_3_296_1094 312 789 798 -1 -1 377 0.0355851
	Aln	5	+51f3d9ee-b1cf-46c7-a3c7-1b6d513bdf7e 436 1251 1281 -edge_3_7_-disjointig_3_814_1904 1 815 1090 -1 -1 751 0.0178434
Chain
	Aln	4	-51f3d9ee-b1cf-46c7-a3c7-1b6d513bdf7e 29 844 1281 +edge_3_7_-disjointig_3_814_1904 274 1088 1090 -1 -1 751 0.0178434
	Aln	4	-51f3d9ee-b1cf-46c7-a3c7-1b6d513bdf7e 803 1280 1281 +edge_3_0_+disjointig_3_296_1094 8 485 798 -1 -1 377 0.0355851
Chain
	Aln	10	+5343b213-a8df-4791-8082-5b80c6b7ce08 136 1840 1895 +edge_6_0_+disjointig_8_0_2742 642 2418 2742 -1 -1 526 0.0755438
Chain
	Aln	11	-5343b213-a8df-4791-8082-5b80c6b7ce08 54 1758 1895 -edge_6_0_+disjointig_8_0_2742 323 2099 2742 -1 -1 526 0.0755438
Chain
	Aln	4	+f1f47d52-da86-4285-b5d4-1546c1bcd20f 14 999 1814 +edge_3_4_-disjointig_3_3421_4446 41 1023 1025 -1 -1 958 0.00714464
	Aln	4	+f1f47d52-da86-4285-b5d4-1546c1bcd20f 951 1812 1814 +edge_3_7_-disjointig_3_814_1904 0 858 1090 -1 -1 850 0.00654273
Chain
	Aln	5	-f1f47d52-da86-4285-b5d4-1546c1bcd20f 1 862 1814 -edge_3_7_-disjointig_3_814_1904 231 1089 1090 -1 -1 850 0.00654273
	Aln	5	-f1f47d52-da86-4285-b5d4-1546c1bcd20f 814 1799 1814 -edge_3_4_-disjointig_3_3421_4446 1 983 1025 -1 -1 958 0.00714464
Chain
	Aln	4	+834fcb43-f55b-4db0-9527-baf631ef253d 420 1020 2376 +edge_3_4_-disjointig_3_3421_4446 417 1019 1025 -1 -1 547 0.0264986
	Aln	4	+834fcb43-f55b-4db0-9527-baf631ef253d 976 1704 2376 +edge_3_7_-disjointig_3_814_1904 0 733 1090 -1 -1 629 0.0240936
Chain
	Aln	5	-834fcb43-f55b-4db0-9527-baf631ef253d 671 1399 2376 -edge_3_7_-disjointig_3_814_1904 356 1089 1090 -1 -1 629 0.0240936
	Aln	5	-834fcb43-f55b-4db0-9527-baf631ef253d 1355 1955 2376 -edge_3_4_-disjointig_3_3421_4446 5 607 1025 -1 -1 547 0.0264986
Chain
	Aln	4	+8351dbad-f67f-457c-b316-c1b26b3702b3 62 969 1458 +edge_3_4_-disjointig_3_3421_4446 119 1023 1025 -1 -1 888 0.00587067
	Aln	4	+8351dbad-f67f-457c-b316-c1b26b3702b3 922 1440 1458 +edge_3_5_-disjointig_3_2731_3421 27 544 690 -1 -1 501 0.00719224
Chain
	Aln	5	-8351dbad-f67f-457c-b316-c1b26b3702b3 17 535 1458 -edge_3_5_-disjointig_3_2731_3421 145 662 690 -1 -1 501 0.00719224
	Aln	5	-8351dbad-f67f-457c-b316-c1b26b3702b3 488 1395 1458 -edge_3_4_-disjointig_3_3421_4446 1 905 1025 -1 -1 888 0.00587067
Chain
	Aln	1	+8bb2545c-18cf-4fde-8b86-c70ee03d4402 1628 6974 6976 -edge_1_0_+disjointig_1_0_7777 845 6199 7777 -1 -1 4240 0.020334
Chain
	Aln	1	+8bb2545c-18cf-4fde-8b86-c70ee03d4402 7 1760 6976 -edge_1_0_+disjointig_1_0_7777 2053 3805 7777 -1 -1 1710 0.00736144
Chain
	Aln	0	-8bb2545c-18cf-4fde-8b86-c70ee03d4402 1 5347 6976 +edge_1_0_+disjointig_1_0_7777 1577 6931 7777 -1 -1 4240 0.020334
Chain
	Aln	0	-8bb2545c-18cf-4fde-8b86-c70ee03d4402 5215 6968 6976 +edge_1_0_+disjointig_1_0_7777 3971 5723 7777 -1 -1 1710 0.00736144
Chain
	Aln	10	+745b27bf-f09d-4fa8-a608-2ba181aadd0e 667 1276 2782 +edge_6_0_+disjointig_8_0_2742 2129 2740 2742 -1 -1 498 0.0335692
	Aln	10	+745b27bf-f09d-4fa8-a608-2ba181aadd0e 1278 2287 2782 +edge_6_1_+disjointig_8_2742_5189 0 1015 2447 -1 -1 903 0.0233436
Chain
	Aln	11	-745b27bf-f09d-4fa8-a608-2ba181aadd0e 494 1503 2782 -edge_6_1_+disjointig_8_2742_5189 1431 2446 2447 -1 -1 903 0.0233436
	Aln	11	-745b27bf-f09d-4fa8-a608-2ba181aadd0e 1505 2114 2782 -edge_6_0_+disjointig_8_0_2742 1 612 2742 -1 -1 498 0.0335692
Chain
	Aln	10	+f0a7a986-9deb-4d26-9221-84350a9fab51 2 1397 2657 +edge_6_1_+disjointig_8_2742_5189 153 1558 2447 -1 -1 1345 0.0126656
	Aln	10	+f0a7a986-9deb-4d26-9221-84350a9fab51 1612 2435 2657 +edge_6_0_+disjointig_8_0_2742 12 849 2742 -1 -1 52 0.249136
Chain
	Aln	11	-f0a7a986-9deb-4d26-9221-84350a9fab51 221 1044 2657 -edge_6_0_+disjointig_8_0_2742 1892 2729 2742 -1 -1 52 0.249136
	Aln	11	-f0a7a986-9deb-4d26-9221-84350a9fab51 1259 2654 2657 -edge_6_1_+disjointig_8_2742_5189 888 2293 2447 -1 -1 1345 0.0126656
Chain
	Aln	7	+c1a87775-816a-4a47-9816-81e0251b488a 347 1786 1928 -edge_4_0_+disjointig_5_481_1929 1 1447 1448 -1 -1 1387 0.0144625
Chain
	Aln	6	-c1a87775-816a-4a47-9816-81e0251b488a 141 1580 1928 +edge_4_0_+disjointig_5_481_1929 0 1446 1448 -1 -1 1387 0.0144625
Chain
	Aln	10	+f5f64e88-603b-49ef-b10f-b888e342420a 2 1072 1087 +edge_6_1_+disjointig_8_2742_5189 229 1299 2447 -1 -1 1015 0.0145882
Chain
	Aln	11	-f5f64e88-603b-49ef-b10f-b888e342420a 14 1084 1087 -edge_6_1_+disjointig_8_2742_5189 1147 2217 2447 -1 -1 1015 0.0145882
Chain
	Aln	9	+b77bd10b-0cc0-429e-8ac2-088a1170e95c 118 1118 1549 -edge_5_0_+disjointig_5_4671_6023 177 1292 1352 -1 -1 227 0.160608
Chain
	Aln	8	-b77bd10b-0cc0-429e-8ac2-088a1170e95c 430 1430 1549 +edge_5_0_+disjointig_5_4671_6023 59 1174 1352 -1 -1 227 0.160608
Chain
	Aln	5	+216b7a99-ba9d-4cfe-a218-c38e73743aeb 10 565 1941 -edge_3_5_-disjointig_3_2731_3421 130 684 690 -1 -1 554 0.00214595
	Aln	5	+216b7a99-ba9d-4cfe-a218-c38e73743aeb 563 1252 1941 -edge_3_6_-disjointig_3_1904_2731 1 689 827 -1 -1 688 0.00214272
Chain
	Aln	4	-216b7a99-ba9d-4cfe-a218-c38e73743aeb 688 1377 1941 +edge_3_6_-disjointig_3_1904_2731 137 825 827 -1 -1 688 0.00214272
	Aln	4	-216b7a99-ba9d-4cfe-a218-c38e73743aeb 1375 1930 1941 +edge_3_5_-disjointig_3_2731_3421 5 559 690 -1 -1 554 0.00214595
Chain
	Aln	4	+cb568c03-edcb-4d58-bf15-30134583cce1 4 793 4731 +edge_3_4_-disjointig_3_3421_4446 233 1023 1025 -1 -1 779 0.00513807
	Aln	4	+cb568c03-edcb-4d58-bf15-30134583cce1 745 1835 4731 +edge_3_7_-disjointig_3_814_1904 0 1088 1090 -1 -1 1074 0.00545277
	Aln	4	+cb568c03-edcb-4d58-bf15-30134583cce1 1786 2402 4731 +edge_3_0_+disjointig_3_296_1094 0 616 798 -1 -1 563 0.0192272
Chain
	Aln	5	+cb568c03-edcb-4d58-bf15-30134583cce1 2419 2558 4731 -edge_3_8_-disjointig_3_2_814 646 784 812 -1 -1 128 0.0276774
	Aln	5	+cb568c03-edcb-4d58-bf15-30134583cce1 2516 3121 4731 -edge_3_5_-disjointig_3_2731_3421 1 633 690 -1 -1 516 0.0325397
	Aln	5	+cb568c03-edcb-4d58-bf15-30134583cce1 3103 4048 4731 -edge_3_4_-disjointig_3_3421_4446 1 1010 1025 -1 -1 708 0.0437524
	Aln	5	+cb568c03-edcb-4d58-bf15-30134583cce1 4000 4729 4731 -edge_3_6_-disjointig_3_1904_2731 1 730 827 -1 -1 665 0.0307612
Chain
	Aln	5	-cb568c03-edcb-4d58-bf15-30134583cce1 2328 2944 4731 -edge_3_0_+disjointig_3_296_1094 181 797 798 -1 -1 563 0.0192272
	Aln	5	-cb568c03-edcb-4d58-bf15-30134583cce1 2895 3985 4731 -edge_3_7_-disjointig_3_814_1904 1 1089 1090 -1 -1 1074 0.00545277
	Aln	5	-cb568c03-edcb-4d58-bf15-30134583cce1 3937 4726 4731 -edge_3_4_-disjointig_3_3421_4446 1 791 1025 -1 -1 779 0.00513807
Chain
	Aln	4	-cb568c03-edcb-4d58-bf15-30134583cce1 1 730 4731 +edge_3_6_-disjointig_3_1904_2731 96 825 827 -1 -1 665 0.0307612
	Aln	4	-cb568c03-edcb-4d58-bf15-30134583cce1 682 1627 4731 +edge_3_4_-disjointig_3_3421_4446 14 1023 1025 -1 -1 708 0.0437524
	Aln	4	-cb568c03-edcb-4d58-bf15-30134583cce1 1609 2214 4731 +edge_3_5_-disjointig_3_2731_3421 56 688 690 -1 -1 516 0.0325397
	Aln	4	-cb568c03-edcb-4d58-bf15-30134583cce1 2172 2311 4731 +edge_3_8_-disjointig_3_2_814 27 165 812 -1 -1 128 0.0276774
Chain
	Aln	4	+0f882964-7205-42eb-b1e3-2c0625281683 686 1310 1918 +edge_3_5_-disjointig_3_2731_3421 65 688 690 -1 -1 586 0.0174994
	Aln	4	+0f882964-7205-42eb-b1e3-2c0625281683 1294 1916 1918 +edge_3_6_-disjointig_3_1904_2731 0 637 827 -1 -1 608 0.00828731
Chain
	Aln	5	-0f882964-7205-42eb-b1e3-2c0625281683 1 623 1918 -edge_3_6_-disjointig_3_1904_2731 189 826 827 -1 -1 608 0.00828731
	Aln	5	-0f882964-7205-42eb-b1e3-2c0625281683 607 1231 1918 -edge_3_5_-disjointig_3_2731_3421 1 624 690 -1 -1 586 0.0174994
Chain
	Aln	6	+e6101b5d-2457-4dd9-9550-44873ce7c165 25 1382 1944 +edge_4_2_+disjointig_5_3241_4671 22 1379 1430 -1 -1 271 0.186945
Chain
	Aln	7	-e6101b5d-2457-4dd9-9550-44873ce7c165 561 1918 1944 -edge_4_2_+disjointig_5_3241_4671 50 1407 1430 -1 -1 271 0.186945
Chain
	Aln	5	+dc7e7902-6414-450e-af39-baf836e1cebd 0 793 1482 -edge_3_6_-disjointig_3_1904_2731 28 826 827 -1 -1 790 0.00697442
	Aln	5	+dc7e7902-6414-450e-af39-baf836e1cebd 777 1455 1482 -edge_3_5_-disjointig_3_2731_3421 1 684 690 -1 -1 662 0.00824458
Chain
	Aln	4	-dc7e7902-6414-450e-af39-baf836e1cebd 26 704 1482 +edge_3_5_-disjointig_3_2731_3421 5 688 690 -1 -1 662 0.00824458
	Aln	4	-dc7e7902-6414-450e-af39-baf836e1cebd 688 1481 1482 +edge_3_6_-disjointig_3_1904_2731 0 798 827 -1 -1 790 0.00697442
Chain
	Aln	4	+627d6a38-c816-439b-bc16-0016fa97ce83 5 1075 2793 +edge_3_7_-disjointig_3_814_1904 3 1065 1090 -1 -1 1046 0.00532775
	Aln	4	+627d6a38-c816-439b-bc16-0016fa97ce83 1050 2142 2793 +edge_3_7_-disjointig_3_814_1904 0 1088 1090 -1 -1 1075 0.00270198
	Aln	4	+627d6a38-c816-439b-bc16-0016fa97ce83 2093 2592 2793 +edge_3_8_-disjointig_3_2_814 0 498 812 -1 -1 495 0.00371245
Chain
	Aln	5	-627d6a38-c816-439b-bc16-0016fa97ce83 200 699 2793 -edge_3_8_-disjointig_3_2_814 313 811 812 -1 -1 495 0.00371245
	Aln	5	-627d6a38-c816-439b-bc16-0016fa97ce83 650 1742 2793 -edge_3_7_-disjointig_3_814_1904 1 1089 1090 -1 -1 1075 0.00270198
	Aln	5	-627d6a38-c816-439b-bc16-0016fa97ce83 1717 2787 2793 -edge_3_7_-disjointig_3_814_1904 24 1086 1090 -1 -1 1046 0.00532775
Chain
	Aln	7	+dadeae6d-6296-497c-a9d4-7a40ef631b4c 132 1530 1769 -edge_4_2_+disjointig_5_3241_4671 9 1407 1430 -1 -1 833 0.0789143
Chain
	Aln	6	-dadeae6d-6296-497c-a9d4-7a40ef631b4c 238 1636 1769 +edge_4_2_+disjointig_5_3241_4671 22 1420 1430 -1 -1 833 0.0789143
Chain
	Aln	7	+c2f8ca2d-1724-4ec3-ba17-3328263dcd7d 22 1338 1365 -edge_4_0_+disjointig_5_481_1929 38 1370 1448 -1 -1 909 0.0652636
Chain
	Aln	6	-c2f8ca2d-1724-4ec3-ba17-3328263dcd7d 26 1342 1365 +edge_4_0_+disjointig_5_481_1929 77 1409 1448 -1 -1 909 0.0652636
Chain
	Aln	6	+6d38b39b-b7c9-4d2d-ad60-eacdfaf511de 84 1478 1506 +edge_4_0_+disjointig_5_481_1929 2 1421 1448 -1 -1 1105 0.0368642
Chain
	Aln	7	-6d38b39b-b7c9-4d2d-ad60-eacdfaf511de 27 1421 1506 -edge_4_0_+disjointig_5_481_1929 26 1445 1448 -1 -1 1105 0.0368642
Chain
	Aln	5	+dcebb7c8-7045-42e2-bc00-239eda51e7ef 5 331 1108 -edge_3_8_-disjointig_3_2_814 462 803 812 -1 -1 286 0.0400358
	Aln	5	+dcebb7c8-7045-42e2-bc00-239eda51e7ef 290 1072 1108 -edge_3_4_-disjointig_3_3421_4446 1 787 1025 -1 -1 751 0.0154168
Chain
	Aln	4	-dcebb7c8-7045-42e2-bc00-239eda51e7ef 35 817 1108 +edge_3_4_-disjointig_3_3421_4446 237 1023 1025 -1 -1 751 0.0154168
	Aln	4	-dcebb7c8-7045-42e2-bc00-239eda51e7ef 776 1102 1108 +edge_3_8_-disjointig_3_2_814 8 349 812 -1 -1 286 0.0400358
Chain
	Aln	6	+72ce95f2-ba94-48b2-9e95-943aede3bf23 5588 6598 7783 +edge_4_0_+disjointig_5_481_1929 145 1299 1448 -1 -1 151 0.173355
	Aln	6	+72ce95f2-ba94-48b2-9e95-943aede3bf23 6577 7781 7783 +edge_4_0_+disjointig_5_481_1929 12 1346 1448 -1 -1 353 0.122733
Chain
	Aln	7	-72ce95f2-ba94-48b2-9e95-943aede3bf23 1 1205 7783 -edge_4_0_+disjointig_5_481_1929 101 1435 1448 -1 -1 353 0.122733
	Aln	7	-72ce95f2-ba94-48b2-9e95-943aede3bf23 1184 2194 7783 -edge_4_0_+disjointig_5_481_1929 148 1302 1448 -1 -1 151 0.173355
Chain
	Aln	4	+87a9ceb7-c70b-4687-80bc-e01f5436943b 0 685 1793 +edge_3_6_-disjointig_3_1904_2731 143 825 827 -1 -1 625 0.017953
	Aln	4	+87a9ceb7-c70b-4687-80bc-e01f5436943b 695 1348 1793 +edge_3_5_-disjointig_3_2731_3421 17 670 690 -1 -1 626 0.00985403
	Aln	4	+87a9ceb7-c70b-4687-80bc-e01f5436943b 1299 1791 1793 +edge_3_8_-disjointig_3_2_814 0 490 812 -1 -1 457 0.0169983
Chain
	Aln	5	-87a9ceb7-c70b-4687-80bc-e01f5436943b 1 493 1793 -edge_3_8_-disjointig_3_2_814 321 811 812 -1 -1 457 0.0169983
	Aln	5	-87a9ceb7-c70b-4687-80bc-e01f5436943b 444 1097 1793 -edge_3_5_-disjointig_3_2731_3421 19 672 690 -1 -1 626 0.00985403
	Aln	5	-87a9ceb7-c70b-4687-80bc-e01f5436943b 1107 1792 1793 -edge_3_6_-disjointig_3_1904_2731 1 683 827 -1 -1 625 0.017953
Chain
	Aln	5	+d4f6f49e-debd-4c51-b6ac-72c5996ec94c 0 275 5776 -edge_3_8_-disjointig_3_2_814 534 811 812 -1 -1 262 0.0129871
	Aln	5	+d4f6f49e-debd-4c51-b6ac-72c5996ec94c 226 1304 5776 -edge_3_7_-disjointig_3_814_1904 1 1078 1090 -1 -1 1040 0.0117076
	Aln	5	+d4f6f49e-debd-4c51-b6ac-72c5996ec94c 1267 2348 5776 -edge_3_7_-disjointig_3_814_1904 1 1089 1090 -1 -1 1014 0.0165738
	Aln	5	+d4f6f49e-debd-4c51-b6ac-72c5996ec94c 2314 3379 5776 -edge_3_7_-disjointig_3_814_1904 15 1082 1090 -1 -1 1043 0.0115767
	Aln	5	+d4f6f49e-debd-4c51-b6ac-72c5996ec94c 3338 4427 5776 -edge_3_7_-disjointig_3_814_1904 1 1089 1090 -1 -1 1025 0.0159803
	Aln	5	+d4f6f49e-debd-4c51-b6ac-72c5996ec94c 4379 5472 5776 -edge_3_7_-disjointig_3_814_1904 1 1089 1090 -1 -1 1021 0.0172064
	Aln	5	+d4f6f49e-debd-4c51-b6ac-72c5996ec94c 5424 5773 5776 -edge_3_0_+disjointig_3_296_1094 1 348 798 -1 -1 321 0.024736
Chain
	Aln	4	-d4f6f49e-debd-4c51-b6ac-72c5996ec94c 2 351 5776 +edge_3_0_+disjointig_3_296_1094 449 796 798 -1 -1 321 0.024736
	Aln	4	-d4f6f49e-debd-4c51-b6ac-72c5996ec94c 303 1396 5776 +edge_3_7_-disjointig_3_814_1904 0 1088 1090 -1 -1 1021 0.0172064
	Aln	4	-d4f6f49e-debd-4c51-b6ac-72c5996ec94c 1348 2437 5776 +edge_3_7_-disjointig_3_814_1904 0 1088 1090 -1 -1 1025 0.0159803
	Aln	4	-d4f6f49e-debd-4c51-b6ac-72c5996ec94c 2396 3461 5776 +edge_3_7_-disjointig_3_814_1904 7 1074 1090 -1 -1 1043 0.0115767
	Aln	4	-d4f6f49e-debd-4c51-b6ac-72c5996ec94c 3427 4508 5776 +edge_3_7_-disjointig_3_814_1904 0 1088 1090 -1 -1 1014 0.0165738
	Aln	4	-d4f6f49e-debd-4c51-b6ac-72c5996ec94c 4471 5549 5776 +edge_3_7_-disjointig_3_814_1904 11 1088 1090 -1 -1 1040 0.0117076
	Aln	4	-d4f6f49e-debd-4c51-b6ac-72c5996ec94c 5500 5775 5776 +edge_3_8_-disjointig_3_2_814 0 277 812 -1 -1 262 0.0129871
Chain
	Aln	9	+f3992424-a04d-4370-a35b-45912e998a5a 2448 3783 4048 -edge_5_0_+disjointig_5_4671_6023 24 1315 1352 -1 -1 377 0.120318
Chain
	Aln	9	+f3992424-a04d-4370-a35b-45912e998a5a 181 1486 4048 -edge_5_0_+disjointig_5_4671_6023 153 1295 1352 -1 -1 356 0.115314
Chain
	Aln	9	+f3992424-a04d-4370-a35b-45912e998a5a 1046 2244 4048 -edge_5_0_+disjointig_5_4671_6023 24 1270 1352 -1 -1 322 0.129731
Chain
	Aln	8	-f3992424-a04d-4370-a35b-45912e998a5a 264 1599 4048 +edge_5_0_+disjointig_5_4671_6023 36 1327 1352 -1 -1 377 0.120318
Chain
	Aln	8	-f3992424-a04d-4370-a35b-45912e998a5a 2561 3866 4048 +edge_5_0_+disjointig_5_4671_6023 56 1198 1352 -1 -1 356 0.115314
Chain
	Aln	8	-f3992424-a04d-4370-a35b-45912e998a5a 1803 3001 4048 +edge_5_0_+disjointig_5_4671_6023 81 1327 1352 -1 -1 322 0.129731
Chain
	Aln	6	+87afc11f-fb1d-45ff-bf7a-339b2ce59ebd 31 1039 1048 +edge_4_1_+disjointig_5_1929_3241 77 1081 1312 -1 -1 659 0.0654765
Chain
	Aln	7	-87afc11f-fb1d-45ff-bf7a-339b2ce59ebd 8 1016 1048 -edge_4_1_+disjointig_5_1929_3241 230 1234 1312 -1 -1 659 0.0654765
Chain
	Aln	6	+a2f39718-16a5-4393-8933-bbebbd61079d 79 1520 2972 +edge_4_0_+disjointig_5_481_1929 1 1446 1448 -1 -1 1338 0.0202704
Chain
	Aln	7	+a2f39718-16a5-4393-8933-bbebbd61079d 1581 2964 2972 -edge_4_0_+disjointig_5_481_1929 1 1431 1448 -1 -1 927 0.0474665
Chain
	Aln	7	-a2f39718-16a5-4393-8933-bbebbd61079d 1451 2892 2972 -edge_4_0_+disjointig_5_481_1929 1 1446 1448 -1 -1 1338 0.0202704
Chain
	Aln	6	-a2f39718-16a5-4393-8933-bbebbd61079d 7 1390 2972 +edge_4_0_+disjointig_5_481_1929 16 1446 1448 -1 -1 927 0.0474665
Chain
	Aln	7	+3be6fc55-d194-47f6-91aa-dd30b87c5a3e 14 1410 4993 -edge_4_0_+disjointig_5_481_1929 38 1435 1448 -1 -1 861 0.0793618
	Aln	7	+3be6fc55-d194-47f6-91aa-dd30b87c5a3e 1370 2767 4993 -edge_4_0_+disjointig_5_481_1929 38 1435 1448 -1 -1 850 0.0793618
	Aln	7	+3be6fc55-d194-47f6-91aa-dd30b87c5a3e 2727 4116 4993 -edge_4_0_+disjointig_5_481_1929 38 1435 1448 -1 -1 872 0.0760177
	Aln	7	+3be6fc55-d194-47f6-91aa-dd30b87c5a3e 4077 4950 4993 -edge_4_1_+disjointig_5_1929_3241 9 865 1312 -1 -1 546 0.0807796
Chain
	Aln	6	-3be6fc55-d194-47f6-91aa-dd30b87c5a3e 42 915 4993 +edge_4_1_+disjointig_5_1929_3241 446 1302 1312 -1 -1 546 0.0807796
	Aln	6	-3be6fc55-d194-47f6-91aa-dd30b87c5a3e 876 2265 4993 +edge_4_0_+disjointig_5_481_1929 12 1409 1448 -1 -1 872 0.0760177
	Aln	6	-3be6fc55-d194-47f6-91aa-dd30b87c5a3e 2225 3622 4993 +edge_4_0_+disjointig_5_481_1929 12 1409 1448 -1 -1 850 0.0793618
	Aln	6	-3be6fc55-d194-47f6-91aa-dd30b87c5a3e 3582 4978 4993 +edge_4_0_+disjointig_5_481_1929 12 1409 1448 -1 -1 861 0.0793618
Chain
	Aln	7	+c8c022a8-1122-4092-9d5f-ddff37e24b24 65 1504 6012 -edge_4_0_+disjointig_5_481_1929 1 1447 1448 -1 -1 1393 0.0114925
	Aln	7	+c8c022a8-1122-4092-9d5f-ddff37e24b24 1506 2958 6012 -edge_4_0_+disjointig_5_481_1929 1 1447 1448 -1 -1 1372 0.0136133
	Aln	7	+c8c022a8-1122-4092-9d5f-ddff37e24b24 2960 4398 6012 -edge_4_0_+disjointig_5_481_1929 1 1447 1448 -1 -1 1372 0.0132153
	Aln	7	+c8c022a8-1122-4092-9d5f-ddff37e24b24 4400 5849 6012 -edge_4_0_+disjointig_5_481_1929 1 1447 1448 -1 -1 1390 0.0125709
Chain
	Aln	6	-c8c022a8-1122-4092-9d5f-ddff37e24b24 162 1611 6012 +edge_4_0_+disjointig_5_481_1929 0 1446 1448 -1 -1 1390 0.0125709
	Aln	6	-c8c022a8-1122-4092-9d5f-ddff37e24b24 1613 3051 6012 +edge_4_0_+disjointig_5_481_1929 0 1446 1448 -1 -1 1372 0.0132153
	Aln	6	-c8c022a8-1122-4092-9d5f-ddff37e24b24 3053 4505 6012 +edge_4_0_+disjointig_5_481_1929 0 1446 1448 -1 -1 1372 0.0136133
	Aln	6	-c8c022a8-1122-4092-9d5f-ddff37e24b24 4507 5946 6012 +edge_4_0_+disjointig_5_481_1929 0 1446 1448 -1 -1 1393 0.0114925
Chain
	Aln	3	+6b4fb928-ee48-47de-b264-cc44b0b80bf5 2 2366 2368 -edge_2_0_+disjointig_10_0_2349 1 2347 2349 -1 -1 2193 0.00801917
Chain
	Aln	2	-6b4fb928-ee48-47de-b264-cc44b0b80bf5 1 2365 2368 +edge_2_0_+disjointig_10_0_2349 1 2347 2349 -1 -1 2193 0.00801917
Chain
	Aln	7	+1a04c349-a2ab-47d2-a3a3-d1b2e6cf81b6 15 1427 1533 -edge_4_2_+disjointig_5_3241_4671 9 1415 1430 -1 -1 963 0.0643932
Chain
	Aln	6	-1a04c349-a2ab-47d2-a3a3-d1b2e6cf81b6 105 1517 1533 +edge_4_2_+disjointig_5_3241_4671 14 1420 1430 -1 -1 963 0.0643932
Chain
	Aln	1	+e983ba15-735e-44b5-b4c1-f0494f3ed8d0 0 1465 1984 -edge_1_0_+disjointig_1_0_7777 2336 3805 7777 -1 -1 1453 0.00585973
Chain
	Aln	0	-e983ba15-735e-44b5-b4c1-f0494f3ed8d0 518 1983 1984 +edge_1_0_+disjointig_1_0_7777 3971 5440 7777 -1 -1 1453 0.00585973
Chain
	Aln	7	+ed561f7d-58a1-4649-b8f6-660a1c2a3fd2 33 1402 1404 -edge_4_0_+disjointig_5_481_1929 46 1422 1448 -1 -1 1303 0.0255295
Chain
	Aln	6	-ed561f7d-58a1-4649-b8f6-660a1c2a3fd2 1 1370 1404 +edge_4_0_+disjointig_5_481_1929 25 1401 1448 -1 -1 1303 0.0255295
Chain
	Aln	7	+86dcb513-af75-4a9d-84ae-892b4f031bbe 324 1778 4065 -edge_4_0_+disjointig_5_481_1929 1 1447 1448 -1 -1 1425 0.00720864
	Aln	7	+86dcb513-af75-4a9d-84ae-892b4f031bbe 1870 3315 4065 -edge_4_0_+disjointig_5_481_1929 1 1447 1448 -1 -1 1373 0.0126524
Chain
	Aln	6	-86dcb513-af75-4a9d-84ae-892b4f031bbe 749 2194 4065 +edge_4_0_+disjointig_5_481_1929 0 1446 1448 -1 -1 1373 0.0126524
	Aln	6	-86dcb513-af75-4a9d-84ae-892b4f031bbe 2286 3740 4065 +edge_4_0_+disjointig_5_481_1929 0 1446 1448 -1 -1 1425 0.00720864
Chain
	Aln	0	+09af26dd-5a16-401d-8cf3-84740fff937b 781 2022 2024 +edge_1_0_+disjointig_1_0_7777 3971 5215 7777 -1 -1 1178 0.0109977
Chain
	Aln	1	-09af26dd-5a16-401d-8cf3-84740fff937b 1 1242 2024 -edge_1_0_+disjointig_1_0_7777 2561 3805 7777 -1 -1 1178 0.0109977
Chain
	Aln	1	+15b01a6f-d173-4b44-9424-f14e091a5ef8 411 3254 3256 -edge_1_0_+disjointig_1_0_7777 845 3699 7777 -1 -1 2778 0.00546316
Chain
	Aln	0	-15b01a6f-d173-4b44-9424-f14e091a5ef8 1 2844 3256 +edge_1_0_+disjointig_1_0_7777 4077 6931 7777 -1 -1 2778 0.00546316
Chain
	Aln	5	+01979e70-e86b-45a6-ae5a-6295136b0f36 1478 2248 4344 -edge_3_7_-disjointig_3_814_1904 297 1076 1090 -1 -1 630 0.0440296
	Aln	5	+01979e70-e86b-45a6-ae5a-6295136b0f36 2213 3297 4344 -edge_3_7_-disjointig_3_814_1904 1 1089 1090 -1 -1 980 0.0224268
	Aln	5	+01979e70-e86b-45a6-ae5a-6295136b0f36 3249 4039 4344 -edge_3_4_-disjointig_3_3421_4446 1 791 1025 -1 -1 788 0.00489246
Chain
	Aln	4	+01979e70-e86b-45a6-ae5a-6295136b0f36 0 534 4344 +edge_3_5_-disjointig_3_2731_3421 150 688 690 -1 -1 531 0.00725826
	Aln	4	+01979e70-e86b-45a6-ae5a-6295136b0f36 486 1490 4344 +edge_3_7_-disjointig_3_814_1904 17 1019 1090 -1 -1 979 0.0108431
Chain
	Aln	4	-01979e70-e86b-45a6-ae5a-6295136b0f36 304 1094 4344 +edge_3_4_-disjointig_3_3421_4446 233 1023 1025 -1 -1 788 0.00489246
	Aln	4	-01979e70-e86b-45a6-ae5a-6295136b0f36 1046 2130 4344 +edge_3_7_-disjointig_3_814_1904 0 1088 1090 -1 -1 980 0.0224268
	Aln	4	-01979e70-e86b-45a6-ae5a-6295136b0f36 2095 2865 4344 +edge_3_7_-disjointig_3_814_1904 13 792 1090 -1 -1 630 0.0440296
Chain
	Aln	5	-01979e70-e86b-45a6-ae5a-6295136b0f36 2853 3857 4344 -edge_3_7_-disjointig_3_814_1904 70 1072 1090 -1 -1 979 0.0108431
	Aln	5	-01979e70-e86b-45a6-ae5a-6295136b0f36 3809 4343 4344 -edge_3_5_-disjointig_3_2731_3421 1 539 690 -1 -1 531 0.00725826
Chain
	Aln	9	+11a4da25-9edf-4071-9659-fe0eff0eee28 16 1045 1063 -edge_5_0_+disjointig_5_4671_6023 1 1002 1352 -1 -1 350 0.122503
Chain
	Aln	8	-11a4da25-9edf-4071-9659-fe0eff0eee28 17 1046 1063 +edge_5_0_+disjointig_5_4671_6023 349 1350 1352 -1 -1 350 0.122503
Chain
	Aln	7	+0db24875-68ff-4958-aef9-77fda6c38d16 13 1385 1387 -edge_4_0_+disjointig_5_481_1929 38 1425 1448 -1 -1 971 0.0619758
Chain
	Aln	6	-0db24875-68ff-4958-aef9-77fda6c38d16 1 1373 1387 +edge_4_0_+disjointig_5_481_1929 22 1409 1448 -1 -1 971 0.0619758
Chain
	Aln	4	+7d75d765-a0fe-45b5-bcd5-c66f7108b6c6 9 942 1947 +edge_3_4_-disjointig_3_3421_4446 87 1020 1025 -1 -1 933 0.00038811
	Aln	4	+7d75d765-a0fe-45b5-bcd5-c66f7108b6c6 897 1945 1947 +edge_3_7_-disjointig_3_814_1904 0 1045 1090 -1 -1 1020 0.00545802
Chain
	Aln	5	-7d75d765-a0fe-45b5-bcd5-c66f7108b6c6 1 1049 1947 -edge_3_7_-disjointig_3_814_1904 44 1089 1090 -1 -1 1020 0.00545802
	Aln	5	-7d75d765-a0fe-45b5-bcd5-c66f7108b6c6 1004 1937 1947 -edge_3_4_-disjointig_3_3421_4446 4 937 1025 -1 -1 933 0.00038811
Chain
	Aln	4	+34907286-8866-4a1e-a2be-9b4c7b2edb54 667 1677 3659 +edge_3_7_-disjointig_3_814_1904 33 1080 1090 -1 -1 969 0.0114202
	Aln	4	+34907286-8866-4a1e-a2be-9b4c7b2edb54 1637 2727 3659 +edge_3_7_-disjointig_3_814_1904 0 1088 1090 -1 -1 1075 0.00515462
	Aln	4	+34907286-8866-4a1e-a2be-9b4c7b2edb54 2679 3657 3659 +edge_3_7_-disjointig_3_814_1904 0 977 1090 -1 -1 969 0.00438921
Chain
	Aln	5	-34907286-8866-4a1e-a2be-9b4c7b2edb54 1 979 3659 -edge_3_7_-disjointig_3_814_1904 112 1089 1090 -1 -1 969 0.00438921
	Aln	5	-34907286-8866-4a1e-a2be-9b4c7b2edb54 931 2021 3659 -edge_3_7_-disjointig_3_814_1904 1 1089 1090 -1 -1 1075 0.00515462
	Aln	5	-34907286-8866-4a1e-a2be-9b4c7b2edb54 1981 2991 3659 -edge_3_7_-disjointig_3_814_1904 9 1056 1090 -1 -1 969 0.0114202
Chain
	Aln	4	+9992948d-5cd7-4adb-81ba-ca6a4701fe27 0 130 1236 +edge_3_0_+disjointig_3_296_1094 664 796 798 -1 -1 88 0.0682129
	Aln	4	+9992948d-5cd7-4adb-81ba-ca6a4701fe27 82 1169 1236 +edge_3_7_-disjointig_3_814_1904 0 1088 1090 -1 -1 1028 0.0111188
	Aln	4	+9992948d-5cd7-4adb-81ba-ca6a4701fe27 1120 1234 1236 +edge_3_0_+disjointig_3_296_1094 0 114 798 -1 -1 114 0.00773344
Chain
	Aln	5	-9992948d-5cd7-4adb-81ba-ca6a4701fe27 1 115 1236 -edge_3_0_+disjointig_3_296_1094 683 797 798 -1 -1 114 0.00773344
	Aln	5	-9992948d-5cd7-4adb-81ba-ca6a4701fe27 66 1153 1236 -edge_3_7_-disjointig_3_814_1904 1 1089 1090 -1 -1 1028 0.0111188
	Aln	5	-9992948d-5cd7-4adb-81ba-ca6a4701fe27 1105 1235 1236 -edge_3_0_+disjointig_3_296_1094 1 133 798 -1 -1 88 0.0682129
Chain
	Aln	6	+92c0cbb5-1931-4878-8a5d-efad35940d69 10 1081 1128 +edge_4_0_+disjointig_5_481_1929 154 1220 1448 -1 -1 1005 0.0145721
Chain
	Aln	7	-92c0cbb5-1931-4878-8a5d-efad35940d69 46 1117 1128 -edge_4_0_+disjointig_5_481_1929 227 1293 1448 -1 -1 1005 0.0145721
Chain
	Aln	9	+7cba78b8-7e6f-4dc9-b20c-ec69d6caced1 1 1096 1375 -edge_5_0_+disjointig_5_4671_6023 304 1347 1352 -1 -1 452 0.0759886
Chain
	Aln	8	-7cba78b8-7e6f-4dc9-b20c-ec69d6caced1 278 1373 1375 +edge_5_0_+disjointig_5_4671_6023 4 1047 1352 -1 -1 452 0.0759886
Chain
	Aln	7	+8f579d64-e60d-4e82-a1a1-297a62628b0b 0 1249 1959 -edge_4_0_+disjointig_5_481_1929 195 1443 1448 -1 -1 1221 0.00728277
Chain
	Aln	6	-8f579d64-e60d-4e82-a1a1-297a62628b0b 709 1958 1959 +edge_4_0_+disjointig_5_481_1929 4 1252 1448 -1 -1 1221 0.00728277
Chain
	Aln	5	+85945d65-b09a-4a06-b9ac-95d678a2bc3b 11 1015 2025 -edge_3_7_-disjointig_3_814_1904 85 1089 1090 -1 -1 982 0.00833662
	Aln	5	+85945d65-b09a-4a06-b9ac-95d678a2bc3b 967 2023 2025 -edge_3_7_-disjointig_3_814_1904 1 1062 1090 -1 -1 1031 0.00807887
Chain
	Aln	4	-85945d65-b09a-4a06-b9ac-95d678a2bc3b 1 1057 2025 +edge_3_7_-disjointig_3_814_1904 27 1088 1090 -1 -1 1031 0.00807887
	Aln	4	-85945d65-b09a-4a06-b9ac-95d678a2bc3b 1009 2013 2025 +edge_3_7_-disjointig_3_814_1904 0 1004 1090 -1 -1 982 0.00833662
Chain
	Aln	7	+13d52304-4984-4190-b8cc-0acd3b1511cf 2 1145 1148 -edge_4_0_+disjointig_5_481_1929 211 1398 1448 -1 -1 996 0.0252764
Chain
	Aln	6	-13d52304-4984-4190-b8cc-0acd3b1511cf 2 1145 1148 +edge_4_0_+disjointig_5_481_1929 49 1236 1448 -1 -1 996 0.0252764
Chain
	Aln	6	+a0ba4051-2caa-40bb-aee8-897be61e9333 44 1480 1939 +edge_4_0_+disjointig_5_481_1929 0 1446 1448 -1 -1 1403 0.0169843
Chain
	Aln	7	-a0ba4051-2caa-40bb-aee8-897be61e9333 458 1894 1939 -edge_4_0_+disjointig_5_481_1929 1 1447 1448 -1 -1 1403 0.0169843
Chain
	Aln	9	+cdf9fa72-bf2f-4804-a10d-d41302f4581a 215 1701 1733 -edge_5_0_+disjointig_5_4671_6023 1 1330 1352 -1 -1 370 0.133164
Chain
	Aln	8	-cdf9fa72-bf2f-4804-a10d-d41302f4581a 31 1517 1733 +edge_5_0_+disjointig_5_4671_6023 21 1350 1352 -1 -1 370 0.133164
Chain
	Aln	7	+644ceb5b-e582-4ca0-8585-2107f274bc01 9 1260 1262 -edge_4_2_+disjointig_5_3241_4671 169 1414 1430 -1 -1 1218 0.0195289
Chain
	Aln	6	-644ceb5b-e582-4ca0-8585-2107f274bc01 1 1252 1262 +edge_4_2_+disjointig_5_3241_4671 15 1260 1430 -1 -1 1218 0.0195289
Chain
	Aln	7	+117416be-b1e6-4e7b-8ac0-40cd7ba8dcf3 3 1413 7120 -edge_4_0_+disjointig_5_481_1929 28 1447 1448 -1 -1 1268 0.0190286
	Aln	7	+117416be-b1e6-4e7b-8ac0-40cd7ba8dcf3 1415 2834 7120 -edge_4_0_+disjointig_5_481_1929 1 1429 1448 -1 -1 1299 0.0184253
	Aln	7	+117416be-b1e6-4e7b-8ac0-40cd7ba8dcf3 2792 4218 7120 -edge_4_2_+disjointig_5_3241_4671 1 1423 1430 -1 -1 1271 0.0208414
	Aln	7	+117416be-b1e6-4e7b-8ac0-40cd7ba8dcf3 4198 5639 7120 -edge_4_0_+disjointig_5_481_1929 1 1439 1448 -1 -1 1342 0.017276
	Aln	7	+117416be-b1e6-4e7b-8ac0-40cd7ba8dcf3 5649 7095 7120 -edge_4_0_+disjointig_5_481_1929 1 1447 1448 -1 -1 1349 0.0206602
Chain
	Aln	6	-117416be-b1e6-4e7b-8ac0-40cd7ba8dcf3 24 1470 7120 +edge_4_0_+disjointig_5_481_1929 0 1446 1448 -1 -1 1349 0.0206602
	Aln	6	-117416be-b1e6-4e7b-8ac0-40cd7ba8dcf3 1480 2921 7120 +edge_4_0_+disjointig_5_481_1929 8 1446 1448 -1 -1 1342 0.017276
	Aln	6	-117416be-b1e6-4e7b-8ac0-40cd7ba8dcf3 2901 4327 7120 +edge_4_2_+disjointig_5_3241_4671 6 1428 1430 -1 -1 1271 0.0208414
	Aln	6	-117416be-b1e6-4e7b-8ac0-40cd7ba8dcf3 4285 5704 7120 +edge_4_0_+disjointig_5_481_1929 18 1446 1448 -1 -1 1299 0.0184253
	Aln	6	-117416be-b1e6-4e7b-8ac0-40cd7ba8dcf3 5706 7116 7120 +edge_4_0_+disjointig_5_481_1929 0 1419 1448 -1 -1 1268 0.0190286
Chain
	Aln	12	+1c329dce-4fac-4853-ba92-644ab719c89e 25 1812 1849 +edge_7_0_+disjointig_9_0_3508 29 1836 3508 -1 -1 1482 0.0314247
Chain
	Aln	13	-1c329dce-4fac-4853-ba92-644ab719c89e 36 1823 1849 -edge_7_0_+disjointig_9_0_3508 1671 3478 3508 -1 -1 1482 0.0314247
Chain
	Aln	13	+ebddba29-1cc0-45ca-ac55-229290a78bfe 3 3505 3533 -edge_7_0_+disjointig_9_0_3508 2 3482 3508 -1 -1 3129 0.0135048
Chain
	Aln	12	-ebddba29-1cc0-45ca-ac55-229290a78bfe 27 3529 3533 +edge_7_0_+disjointig_9_0_3508 25 3505 3508 -1 -1 3129 0.0135048
Chain
	Aln	4	+901cd965-ef82-4880-a4a2-7555644868aa 0 943 2942 +edge_3_7_-disjointig_3_814_1904 143 1088 1090 -1 -1 938 0.00484234
	Aln	4	+901cd965-ef82-4880-a4a2-7555644868aa 895 1985 2942 +edge_3_7_-disjointig_3_814_1904 0 1088 1090 -1 -1 1086 0.00180228
	Aln	4	+901cd965-ef82-4880-a4a2-7555644868aa 1937 2940 2942 +edge_3_7_-disjointig_3_814_1904 0 997 1090 -1 -1 991 0.00426051
Chain
	Aln	5	-901cd965-ef82-4880-a4a2-7555644868aa 1 1004 2942 -edge_3_7_-disjointig_3_814_1904 92 1089 1090 -1 -1 991 0.00426051
	Aln	5	-901cd965-ef82-4880-a4a2-7555644868aa 956 2046 2942 -edge_3_7_-disjointig_3_814_1904 1 1089 1090 -1 -1 1086 0.00180228
	Aln	5	-901cd965-ef82-4880-a4a2-7555644868aa 1998 2941 2942 -edge_3_7_-disjointig_3_814_1904 1 946 1090 -1 -1 938 0.00484234
Chain
	Aln	6	+5372f4dc-d442-478d-9aa8-8879d6b5c2e4 172 1555 2875 +edge_4_2_+disjointig_5_3241_4671 22 1420 1430 -1 -1 720 0.0970407
	Aln	6	+5372f4dc-d442-478d-9aa8-8879d6b5c2e4 1519 2869 2875 +edge_4_0_+disjointig_5_481_1929 16 1367 1448 -1 -1 795 0.0811122
Chain
	Aln	7	-5372f4dc-d442-478d-9aa8-8879d6b5c2e4 5 1355 2875 -edge_4_0_+disjointig_5_481_1929 80 1431 1448 -1 -1 795 0.0811122
	Aln	7	-5372f4dc-d442-478d-9aa8-8879d6b5c2e4 1319 2702 2875 -edge_4_2_+disjointig_5_3241_4671 9 1407 1430 -1 -1 720 0.0970407
Chain
	Aln	6	+b50bdbc3-04ae-4d09-a82c-fe91755e01b2 0 1319 2502 +edge_4_0_+disjointig_5_481_1929 94 1403 1448 -1 -1 1210 0.0211399
Chain
	Aln	7	+b50bdbc3-04ae-4d09-a82c-fe91755e01b2 1311 2491 2502 -edge_4_0_+disjointig_5_481_1929 69 1340 1448 -1 -1 889 0.0526898
Chain
	Aln	7	-b50bdbc3-04ae-4d09-a82c-fe91755e01b2 1182 2501 2502 -edge_4_0_+disjointig_5_481_1929 44 1353 1448 -1 -1 1210 0.0211399
Chain
	Aln	6	-b50bdbc3-04ae-4d09-a82c-fe91755e01b2 10 1190 2502 +edge_4_0_+disjointig_5_481_1929 107 1378 1448 -1 -1 889 0.0526898
Chain
	Aln	8	+109a2958-36d0-417f-ba2a-e67087e48de9 2167 3440 3463 +edge_5_0_+disjointig_5_4671_6023 29 1174 1352 -1 -1 348 0.138847
Chain
	Aln	9	+109a2958-36d0-417f-ba2a-e67087e48de9 165 1505 3463 -edge_5_0_+disjointig_5_4671_6023 12 1277 1352 -1 -1 343 0.128246
Chain
	Aln	9	-109a2958-36d0-417f-ba2a-e67087e48de9 22 1295 3463 -edge_5_0_+disjointig_5_4671_6023 177 1322 1352 -1 -1 348 0.138847
Chain
	Aln	8	-109a2958-36d0-417f-ba2a-e67087e48de9 1957 3297 3463 +edge_5_0_+disjointig_5_4671_6023 74 1339 1352 -1 -1 343 0.128246
Chain
	Aln	3	+ec4d3436-723a-4fc4-a474-d3ab7eefd21c 1255 2950 3094 -edge_2_0_+disjointig_10_0_2349 1 1678 2349 -1 -1 1524 0.0117851
Chain
	Aln	2	-ec4d3436-723a-4fc4-a474-d3ab7eefd21c 143 1838 3094 +edge_2_0_+disjointig_10_0_2349 670 2347 2349 -1 -1 1524 0.0117851
Chain
	Aln	11	+7bf946fb-e02f-4e2c-b267-4d9fa7c6f667 9 2454 4444 -edge_6_1_+disjointig_8_2742_5189 1 2446 2447 -1 -1 2382 0.00688873
	Aln	11	+7bf946fb-e02f-4e2c-b267-4d9fa7c6f667 2456 4442 4444 -edge_6_1_+disjointig_8_2742_5189 1 1999 2447 -1 -1 1912 0.0125387
Chain
	Aln	10	-7bf946fb-e02f-4e2c-b267-4d9fa7c6f667 1 1987 4444 +edge_6_1_+disjointig_8_2742_5189 447 2445 2447 -1 -1 1912 0.0125387
	Aln	10	-7bf946fb-e02f-4e2c-b267-4d9fa7c6f667 1989 4434 4444 +edge_6_1_+disjointig_8_2742_5189 0 2445 2447 -1 -1 2382 0.00688873
Chain
	Aln	5	+fce14c6d-9573-4184-bca3-84a58205082d 1 673 4388 -edge_3_7_-disjointig_3_814_1904 408 1084 1090 -1 -1 631 0.0153221
	Aln	5	+fce14c6d-9573-4184-bca3-84a58205082d 631 1282 4388 -edge_3_5_-disjointig_3_2731_3421 20 682 690 -1 -1 618 0.0178571
	Aln	5	+fce14c6d-9573-4184-bca3-84a58205082d 1280 1960 4388 -edge_3_6_-disjointig_3_1904_2731 3 689 827 -1 -1 642 0.0153933
	Aln	5	+fce14c6d-9573-4184-bca3-84a58205082d 3090 3511 4388 -edge_3_8_-disjointig_3_2_814 374 803 812 -1 -1 320 0.0304975
	Aln	5	+fce14c6d-9573-4184-bca3-84a58205082d 3470 4385 4388 -edge_3_4_-disjointig_3_3421_4446 1 906 1025 -1 -1 793 0.0226144
Chain
	Aln	4	-fce14c6d-9573-4184-bca3-84a58205082d 2 917 4388 +edge_3_4_-disjointig_3_3421_4446 118 1023 1025 -1 -1 793 0.0226144
	Aln	4	-fce14c6d-9573-4184-bca3-84a58205082d 876 1297 4388 +edge_3_8_-disjointig_3_2_814 8 437 812 -1 -1 320 0.0304975
	Aln	4	-fce14c6d-9573-4184-bca3-84a58205082d 2427 3107 4388 +edge_3_6_-disjointig_3_1904_2731 137 823 827 -1 -1 642 0.0153933
	Aln	4	-fce14c6d-9573-4184-bca3-84a58205082d 3105 3756 4388 +edge_3_5_-disjointig_3_2731_3421 7 669 690 -1 -1 618 0.0178571
	Aln	4	-fce14c6d-9573-4184-bca3-84a58205082d 3714 4386 4388 +edge_3_7_-disjointig_3_814_1904 5 681 1090 -1 -1 631 0.0153221
Chain
	Aln	5	+f4345170-753f-4945-b559-cf42caa95985 11 475 1067 -edge_3_8_-disjointig_3_2_814 348 811 812 -1 -1 411 0.0227807
	Aln	5	+f4345170-753f-4945-b559-cf42caa95985 426 1065 1067 -edge_3_4_-disjointig_3_3421_4446 1 646 1025 -1 -1 495 0.0310232
Chain
	Aln	4	-f4345170-753f-4945-b559-cf42caa95985 1 640 1067 +edge_3_4_-disjointig_3_3421_4446 378 1023 1025 -1 -1 495 0.0310232
	Aln	4	-f4345170-753f-4945-b559-cf42caa95985 591 1055 1067 +edge_3_8_-disjointig_3_2_814 0 463 812 -1 -1 411 0.0227807
Chain
	Aln	1	+f5885d39-544b-4e22-b994-452dcff17307 685 2930 3293 -edge_1_0_+disjointig_1_0_7777 2506 4736 7777 -1 -1 2095 0.0102487
Chain
	Aln	0	-f5885d39-544b-4e22-b994-452dcff17307 362 2607 3293 +edge_1_0_+disjointig_1_0_7777 3040 5270 7777 -1 -1 2095 0.0102487
Chain
	Aln	7	+9f786db7-85d1-4c6c-ab82-2bb83d6fbb46 0 1223 1225 -edge_4_0_+disjointig_5_481_1929 196 1404 1448 -1 -1 1186 0.0106328
Chain
	Aln	6	-9f786db7-85d1-4c6c-ab82-2bb83d6fbb46 1 1224 1225 +edge_4_0_+disjointig_5_481_1929 43 1251 1448 -1 -1 1186 0.0106328
Chain
	Aln	4	+542b3203-1b0d-49dd-ae04-20c9e236cee4 7 516 1840 +edge_3_5_-disjointig_3_2731_3421 179 688 690 -1 -1 509 0.00119427
	Aln	4	+542b3203-1b0d-49dd-ae04-20c9e236cee4 518 1542 1840 +edge_3_4_-disjointig_3_3421_4446 0 1023 1025 -1 -1 1004 0.00535221
	Aln	4	+542b3203-1b0d-49dd-ae04-20c9e236cee4 1493 1838 1840 +edge_3_8_-disjointig_3_2_814 0 345 812 -1 -1 345 0.00204951
Chain
	Aln	5	-542b3203-1b0d-49dd-ae04-20c9e236cee4 1 346 1840 -edge_3_8_-disjointig_3_2_814 466 811 812 -1 -1 345 0.00204951
	Aln	5	-542b3203-1b0d-49dd-ae04-20c9e236cee4 297 1321 1840 -edge_3_4_-disjointig_3_3421_4446 1 1024 1025 -1 -1 1004 0.00535221
	Aln	5	-542b3203-1b0d-49dd-ae04-20c9e236cee4 1323 1832 1840 -edge_3_5_-disjointig_3_2731_3421 1 510 690 -1 -1 509 0.00119427
Chain
	Aln	9	+ac107f94-5f10-409a-a252-22c96a0da121 12 1221 1320 -edge_5_0_+disjointig_5_4671_6023 272 1347 1352 -1 -1 308 0.116232
Chain
	Aln	8	-ac107f94-5f10-409a-a252-22c96a0da121 98 1307 1320 +edge_5_0_+disjointig_5_4671_6023 4 1079 1352 -1 -1 308 0.116232
Chain
	Aln	7	+8476ecf6-8713-4620-8b9e-737dbe6ca54f 1 1318 2510 -edge_4_0_+disjointig_5_481_1929 25 1343 1448 -1 -1 1272 0.0128068
Chain
	Aln	6	+8476ecf6-8713-4620-8b9e-737dbe6ca54f 1309 2507 2510 +edge_4_0_+disjointig_5_481_1929 128 1422 1448 -1 -1 827 0.0539741
Chain
	Aln	6	-8476ecf6-8713-4620-8b9e-737dbe6ca54f 1191 2508 2510 +edge_4_0_+disjointig_5_481_1929 104 1422 1448 -1 -1 1272 0.0128068
Chain
	Aln	7	-8476ecf6-8713-4620-8b9e-737dbe6ca54f 2 1200 2510 -edge_4_0_+disjointig_5_481_1929 25 1319 1448 -1 -1 827 0.0539741
Chain
	Aln	0	+8b0e1170-122f-4bd7-8ea1-a5a325f9d83c 572 1661 1669 +edge_1_0_+disjointig_1_0_7777 3971 5056 7777 -1 -1 1044 0.00740536
Chain
	Aln	1	-8b0e1170-122f-4bd7-8ea1-a5a325f9d83c 7 1096 1669 -edge_1_0_+disjointig_1_0_7777 2720 3805 7777 -1 -1 1044 0.00740536
Chain
	Aln	7	+cc114afe-0536-4db2-9256-8d989fde0aef 112 1519 3307 -edge_4_2_+disjointig_5_3241_4671 9 1407 1430 -1 -1 872 0.0783248
	Aln	7	+cc114afe-0536-4db2-9256-8d989fde0aef 1551 2957 3307 -edge_4_2_+disjointig_5_3241_4671 9 1407 1430 -1 -1 896 0.0741181
Chain
	Aln	6	-cc114afe-0536-4db2-9256-8d989fde0aef 349 1755 3307 +edge_4_2_+disjointig_5_3241_4671 22 1420 1430 -1 -1 896 0.0741181
	Aln	6	-cc114afe-0536-4db2-9256-8d989fde0aef 1787 3194 3307 +edge_4_2_+disjointig_5_3241_4671 22 1420 1430 -1 -1 872 0.0783248
Chain
	Aln	8	+f99ce564-77cf-4202-9dac-0b391ea26162 132 1166 1176 +edge_5_0_+disjointig_5_4671_6023 6 1122 1352 -1 -1 223 0.155203
Chain
	Aln	9	-f99ce564-77cf-4202-9dac-0b391ea26162 9 1043 1176 -edge_5_0_+disjointig_5_4671_6023 229 1345 1352 -1 -1 223 0.155203
Chain
	Aln	7	+6f3afead-347e-44ce-8aee-80db87fac6da 183 1610 1631 -edge_4_2_+disjointig_5_3241_4671 1 1429 1430 -1 -1 1403 0.0148926
Chain
	Aln	6	-6f3afead-347e-44ce-8aee-80db87fac6da 20 1447 1631 +edge_4_2_+disjointig_5_3241_4671 0 1428 1430 -1 -1 1403 0.0148926
Chain
	Aln	7	+79afcc3a-cc6d-435d-8571-2273db023077 1158 2552 5546 -edge_4_2_+disjointig_5_3241_4671 9 1407 1430 -1 -1 843 0.0792402
	Aln	7	+79afcc3a-cc6d-435d-8571-2273db023077 2584 3987 5546 -edge_4_2_+disjointig_5_3241_4671 9 1407 1430 -1 -1 862 0.0792871
	Aln	7	+79afcc3a-cc6d-435d-8571-2273db023077 4019 5410 5546 -edge_4_2_+disjointig_5_3241_4671 9 1407 1430 -1 -1 860 0.0798975
Chain
	Aln	6	-79afcc3a-cc6d-435d-8571-2273db023077 135 1526 5546 +edge_4_2_+disjointig_5_3241_4671 22 1420 1430 -1 -1 860 0.0798975
	Aln	6	-79afcc3a-cc6d-435d-8571-2273db023077 1558 2961 5546 +edge_4_2_+disjointig_5_3241_4671 22 1420 1430 -1 -1 862 0.0792871
	Aln	6	-79afcc3a-cc6d-435d-8571-2273db023077 2993 4387 5546 +edge_4_2_+disjointig_5_3241_4671 22 1420 1430 -1 -1 843 0.0792402
Chain
	Aln	5	+018c5256-09e9-43d5-9997-23295d630fa3 0 303 1273 -edge_3_8_-disjointig_3_2_814 507 811 812 -1 -1 303 0.00597739
	Aln	5	+018c5256-09e9-43d5-9997-23295d630fa3 254 1270 1273 -edge_3_4_-disjointig_3_3421_4446 1 1024 1025 -1 -1 994 0.00478873
Chain
	Aln	4	-018c5256-09e9-43d5-9997-23295d630fa3 2 1018 1273 +edge_3_4_-disjointig_3_3421_4446 0 1023 1025 -1 -1 994 0.00478873
	Aln	4	-018c5256-09e9-43d5-9997-23295d630fa3 969 1272 1273 +edge_3_8_-disjointig_3_2_814 0 304 812 -1 -1 303 0.00597739
Chain
	Aln	4	+2c3a8378-c0f0-4712-a7bf-0d8efc77a9f2 2 1014 2874 +edge_3_4_-disjointig_3_3421_4446 21 1023 1025 -1 -1 934 0.00792399
	Aln	4	+2c3a8378-c0f0-4712-a7bf-0d8efc77a9f2 966 2063 2874 +edge_3_7_-disjointig_3_814_1904 0 1088 1090 -1 -1 1061 0.0134115
	Aln	4	+2c3a8378-c0f0-4712-a7bf-0d8efc77a9f2 2065 2872 2874 +edge_3_6_-disjointig_3_1904_2731 0 806 827 -1 -1 790 0.00797027
Chain
	Aln	5	-2c3a8378-c0f0-4712-a7bf-0d8efc77a9f2 1 808 2874 -edge_3_6_-disjointig_3_1904_2731 20 826 827 -1 -1 790 0.00797027
	Aln	5	-2c3a8378-c0f0-4712-a7bf-0d8efc77a9f2 810 1907 2874 -edge_3_7_-disjointig_3_814_1904 1 1089 1090 -1 -1 1061 0.0134115
	Aln	5	-2c3a8378-c0f0-4712-a7bf-0d8efc77a9f2 1859 2871 2874 -edge_3_4_-disjointig_3_3421_4446 1 1003 1025 -1 -1 934 0.00792399
Chain
	Aln	5	+3d06544e-ce0d-409f-9d48-4ed148a03a1b 583 1588 3528 -edge_3_7_-disjointig_3_814_1904 70 1089 1090 -1 -1 945 0.0139628
	Aln	5	+3d06544e-ce0d-409f-9d48-4ed148a03a1b 1540 2609 3528 -edge_3_7_-disjointig_3_814_1904 1 1069 1090 -1 -1 1033 0.00897199
	Aln	5	+3d06544e-ce0d-409f-9d48-4ed148a03a1b 2581 3526 3528 -edge_3_7_-disjointig_3_814_1904 1 948 1090 -1 -1 927 0.00544633
Chain
	Aln	4	-3d06544e-ce0d-409f-9d48-4ed148a03a1b 1 946 3528 +edge_3_7_-disjointig_3_814_1904 141 1088 1090 -1 -1 927 0.00544633
	Aln	4	-3d06544e-ce0d-409f-9d48-4ed148a03a1b 918 1987 3528 +edge_3_7_-disjointig_3_814_1904 20 1088 1090 -1 -1 1033 0.00897199
	Aln	4	-3d06544e-ce0d-409f-9d48-4ed148a03a1b 1939 2944 3528 +edge_3_7_-disjointig_3_814_1904 0 1019 1090 -1 -1 945 0.0139628
Chain
	Aln	6	+8738ed57-32b3-4d56-bbcf-264cbd312ee5 0 1455 1509 +edge_4_0_+disjointig_5_481_1929 0 1446 1448 -1 -1 1400 0.0111132
Chain
	Aln	7	-8738ed57-32b3-4d56-bbcf-264cbd312ee5 53 1508 1509 -edge_4_0_+disjointig_5_481_1929 1 1447 1448 -1 -1 1400 0.0111132
Chain
	Aln	7	+da412e8d-f1ce-4f2d-bdc9-de36209588f1 13 1396 2713 -edge_4_0_+disjointig_5_481_1929 38 1432 1448 -1 -1 996 0.059396
	Aln	7	+da412e8d-f1ce-4f2d-bdc9-de36209588f1 1359 2678 2713 -edge_4_0_+disjointig_5_481_1929 38 1370 1448 -1 -1 932 0.0627488
Chain
	Aln	6	-da412e8d-f1ce-4f2d-bdc9-de36209588f1 34 1353 2713 +edge_4_0_+disjointig_5_481_1929 77 1409 1448 -1 -1 932 0.0627488
	Aln	6	-da412e8d-f1ce-4f2d-bdc9-de36209588f1 1316 2699 2713 +edge_4_0_+disjointig_5_481_1929 15 1409 1448 -1 -1 996 0.059396
Chain
	Aln	5	+44e24882-0b0b-44f7-8cb1-ed38ed98a0fa 9 506 2092 -edge_3_8_-disjointig_3_2_814 313 811 812 -1 -1 484 0.00834511
	Aln	5	+44e24882-0b0b-44f7-8cb1-ed38ed98a0fa 457 1479 2092 -edge_3_4_-disjointig_3_3421_4446 1 1024 1025 -1 -1 996 0.0122311
	Aln	5	+44e24882-0b0b-44f7-8cb1-ed38ed98a0fa 1481 2087 2092 -edge_3_5_-disjointig_3_2731_3421 1 614 690 -1 -1 550 0.0158159
Chain
	Aln	4	-44e24882-0b0b-44f7-8cb1-ed38ed98a0fa 4 610 2092 +edge_3_5_-disjointig_3_2731_3421 75 688 690 -1 -1 550 0.0158159
	Aln	4	-44e24882-0b0b-44f7-8cb1-ed38ed98a0fa 612 1634 2092 +edge_3_4_-disjointig_3_3421_4446 0 1023 1025 -1 -1 996 0.0122311
	Aln	4	-44e24882-0b0b-44f7-8cb1-ed38ed98a0fa 1585 2082 2092 +edge_3_8_-disjointig_3_2_814 0 498 812 -1 -1 484 0.00834511
Chain
	Aln	6	+b3ad6349-10d0-4f8d-8d60-b30183246d26 6 1098 2141 +edge_4_0_+disjointig_5_481_1929 131 1244 1448 -1 -1 986 0.0268815
Chain
	Aln	7	+b3ad6349-10d0-4f8d-8d60-b30183246d26 1096 2139 2141 -edge_4_0_+disjointig_5_481_1929 118 1232 1448 -1 -1 902 0.0334324
Chain
	Aln	7	-b3ad6349-10d0-4f8d-8d60-b30183246d26 1042 2134 2141 -edge_4_0_+disjointig_5_481_1929 203 1316 1448 -1 -1 986 0.0268815
Chain
	Aln	6	-b3ad6349-10d0-4f8d-8d60-b30183246d26 1 1044 2141 +edge_4_0_+disjointig_5_481_1929 215 1329 1448 -1 -1 902 0.0334324
Chain
	Aln	5	+4a6690df-4ca4-48ba-80e3-4fe46d8e2010 0 276 1017 -edge_3_8_-disjointig_3_2_814 535 811 812 -1 -1 263 0.0138537
	Aln	5	+4a6690df-4ca4-48ba-80e3-4fe46d8e2010 228 1011 1017 -edge_3_7_-disjointig_3_814_1904 2 789 1090 -1 -1 773 0.00640985
Chain
	Aln	4	-4a6690df-4ca4-48ba-80e3-4fe46d8e2010 5 788 1017 +edge_3_7_-disjointig_3_814_1904 300 1087 1090 -1 -1 773 0.00640985
	Aln	4	-4a6690df-4ca4-48ba-80e3-4fe46d8e2010 740 1016 1017 +edge_3_8_-disjointig_3_2_814 0 276 812 -1 -1 263 0.0138537
Chain
	Aln	9	+b418337b-1b2b-4005-8a7d-44673ec4c0d2 903 2296 2975 -edge_5_0_+disjointig_5_4671_6023 10 1319 1352 -1 -1 331 0.13586
Chain
	Aln	9	+b418337b-1b2b-4005-8a7d-44673ec4c0d2 17 1093 2975 -edge_5_0_+disjointig_5_4671_6023 175 1315 1352 -1 -1 292 0.142588
Chain
	Aln	9	+b418337b-1b2b-4005-8a7d-44673ec4c0d2 1902 2973 2975 -edge_5_0_+disjointig_5_4671_6023 111 1035 1352 -1 -1 209 0.155838
Chain
	Aln	8	-b418337b-1b2b-4005-8a7d-44673ec4c0d2 678 2071 2975 +edge_5_0_+disjointig_5_4671_6023 32 1341 1352 -1 -1 331 0.13586
Chain
	Aln	8	-b418337b-1b2b-4005-8a7d-44673ec4c0d2 1881 2957 2975 +edge_5_0_+disjointig_5_4671_6023 36 1176 1352 -1 -1 292 0.142588
Chain
	Aln	8	-b418337b-1b2b-4005-8a7d-44673ec4c0d2 1 1072 2975 +edge_5_0_+disjointig_5_4671_6023 316 1240 1352 -1 -1 209 0.155838
Chain
	Aln	9	+50e6438a-45c3-437a-8bfd-6a3e45023003 85 1348 1373 -edge_5_0_+disjointig_5_4671_6023 13 1286 1352 -1 -1 240 0.137867
Chain
	Aln	8	-50e6438a-45c3-437a-8bfd-6a3e45023003 24 1287 1373 +edge_5_0_+disjointig_5_4671_6023 65 1338 1352 -1 -1 240 0.137867
Chain
	Aln	7	+dd8577cc-c218-4090-807b-8d5455348624 5 1444 13329 -edge_4_2_+disjointig_5_3241_4671 1 1429 1430 -1 -1 1387 0.0148107
	Aln	7	+dd8577cc-c218-4090-807b-8d5455348624 1956 3391 13329 -edge_4_0_+disjointig_5_481_1929 1 1447 1448 -1 -1 1404 0.0137837
	Aln	7	+dd8577cc-c218-4090-807b-8d5455348624 4859 6301 13329 -edge_4_2_+disjointig_5_3241_4671 1 1429 1430 -1 -1 1384 0.0195709
	Aln	7	+dd8577cc-c218-4090-807b-8d5455348624 6393 7827 13329 -edge_4_2_+disjointig_5_3241_4671 1 1429 1430 -1 -1 1409 0.0137626
Chain
	Aln	6	+dd8577cc-c218-4090-807b-8d5455348624 8528 9036 13329 +edge_4_1_+disjointig_5_1929_3241 787 1310 1312 -1 -1 319 0.0757133
	Aln	6	+dd8577cc-c218-4090-807b-8d5455348624 9061 10350 13329 +edge_4_1_+disjointig_5_1929_3241 0 1286 1312 -1 -1 749 0.0913877
	Aln	6	+dd8577cc-c218-4090-807b-8d5455348624 10693 12091 13329 +edge_4_2_+disjointig_5_3241_4671 30 1411 1430 -1 -1 622 0.120341
	Aln	6	+dd8577cc-c218-4090-807b-8d5455348624 12222 13280 13329 +edge_4_1_+disjointig_5_1929_3241 8 1182 1312 -1 -1 518 0.0998394
Chain
	Aln	6	-dd8577cc-c218-4090-807b-8d5455348624 5501 6935 13329 +edge_4_2_+disjointig_5_3241_4671 0 1428 1430 -1 -1 1409 0.0137626
	Aln	6	-dd8577cc-c218-4090-807b-8d5455348624 7027 8469 13329 +edge_4_2_+disjointig_5_3241_4671 0 1428 1430 -1 -1 1384 0.0195709
	Aln	6	-dd8577cc-c218-4090-807b-8d5455348624 9937 11372 13329 +edge_4_0_+disjointig_5_481_1929 0 1446 1448 -1 -1 1404 0.0137837
	Aln	6	-dd8577cc-c218-4090-807b-8d5455348624 11884 13323 13329 +edge_4_2_+disjointig_5_3241_4671 0 1428 1430 -1 -1 1387 0.0148107
Chain
	Aln	7	-dd8577cc-c218-4090-807b-8d5455348624 48 1106 13329 -edge_4_1_+disjointig_5_1929_3241 129 1303 1312 -1 -1 518 0.0998394
	Aln	7	-dd8577cc-c218-4090-807b-8d5455348624 1237 2635 13329 -edge_4_2_+disjointig_5_3241_4671 18 1399 1430 -1 -1 622 0.120341
	Aln	7	-dd8577cc-c218-4090-807b-8d5455348624 2978 4267 13329 -edge_4_1_+disjointig_5_1929_3241 25 1311 1312 -1 -1 749 0.0913877
	Aln	7	-dd8577cc-c218-4090-807b-8d5455348624 4292 4800 13329 -edge_4_1_+disjointig_5_1929_3241 1 524 1312 -1 -1 319 0.0757133
Chain
	Aln	1	+778b041d-4a4f-4a61-801f-e27cebfe5c16 3 3799 4174 -edge_1_0_+disjointig_1_0_7777 2 3805 7777 -1 -1 3714 0.00396678
Chain
	Aln	0	-778b041d-4a4f-4a61-801f-e27cebfe5c16 374 4170 4174 +edge_1_0_+disjointig_1_0_7777 3971 7774 7777 -1 -1 3714 0.00396678
Chain
	Aln	4	+c1908f34-f4f2-4538-922d-7cf02136f9d5 19 704 1470 +edge_3_5_-disjointig_3_2731_3421 5 688 690 -1 -1 679 0.00548943
	Aln	4	+c1908f34-f4f2-4538-922d-7cf02136f9d5 688 1468 1470 +edge_3_6_-disjointig_3_1904_2731 0 781 827 -1 -1 776 0.00462839
Chain
	Aln	5	-c1908f34-f4f2-4538-922d-7cf02136f9d5 1 781 1470 -edge_3_6_-disjointig_3_1904_2731 45 826 827 -1 -1 776 0.00462839
	Aln	5	-c1908f34-f4f2-4538-922d-7cf02136f9d5 765 1450 1470 -edge_3_5_-disjointig_3_2731_3421 1 684 690 -1 -1 679 0.00548943
Chain
	Aln	9	+4b948115-cca5-478b-9794-9434515e55ae 24 1076 1125 -edge_5_0_+disjointig_5_4671_6023 322 1312 1352 -1 -1 269 0.158009
Chain
	Aln	8	-4b948115-cca5-478b-9794-9434515e55ae 48 1100 1125 +edge_5_0_+disjointig_5_4671_6023 39 1029 1352 -1 -1 269 0.158009
Chain
	Aln	9	+b9aa7d8d-3346-45c6-a275-d4f4c224fd99 37 1172 2742 -edge_5_0_+disjointig_5_4671_6023 181 1347 1352 -1 -1 352 0.119673
Chain
	Aln	9	+b9aa7d8d-3346-45c6-a275-d4f4c224fd99 958 2236 2742 -edge_5_0_+disjointig_5_4671_6023 13 1306 1352 -1 -1 349 0.114128
Chain
	Aln	8	-b9aa7d8d-3346-45c6-a275-d4f4c224fd99 1569 2704 2742 +edge_5_0_+disjointig_5_4671_6023 4 1170 1352 -1 -1 352 0.119673
Chain
	Aln	8	-b9aa7d8d-3346-45c6-a275-d4f4c224fd99 505 1783 2742 +edge_5_0_+disjointig_5_4671_6023 45 1338 1352 -1 -1 349 0.114128
Chain
	Aln	6	+dc907340-62d1-4b2b-99f3-c623d39b0f9b 20 1459 7248 +edge_4_0_+disjointig_5_481_1929 0 1446 1448 -1 -1 1369 0.0185397
	Aln	6	+dc907340-62d1-4b2b-99f3-c623d39b0f9b 1461 2900 7248 +edge_4_0_+disjointig_5_481_1929 0 1446 1448 -1 -1 1386 0.0173693
	Aln	6	+dc907340-62d1-4b2b-99f3-c623d39b0f9b 2903 4334 7248 +edge_4_0_+disjointig_5_481_1929 1 1446 1448 -1 -1 1385 0.0165066
	Aln	6	+dc907340-62d1-4b2b-99f3-c623d39b0f9b 4308 5748 7248 +edge_4_2_+disjointig_5_3241_4671 0 1428 1430 -1 -1 1397 0.0210021
	Aln	6	+dc907340-62d1-4b2b-99f3-c623d39b0f9b 5750 7186 7248 +edge_4_2_+disjointig_5_3241_4671 0 1421 1430 -1 -1 1379 0.0214308
Chain
	Aln	7	-dc907340-62d1-4b2b-99f3-c623d39b0f9b 61 1497 7248 -edge_4_2_+disjointig_5_3241_4671 8 1429 1430 -1 -1 1379 0.0214308
	Aln	7	-dc907340-62d1-4b2b-99f3-c623d39b0f9b 1499 2939 7248 -edge_4_2_+disjointig_5_3241_4671 1 1429 1430 -1 -1 1397 0.0210021
	Aln	7	-dc907340-62d1-4b2b-99f3-c623d39b0f9b 2913 4344 7248 -edge_4_0_+disjointig_5_481_1929 1 1446 1448 -1 -1 1385 0.0165066
	Aln	7	-dc907340-62d1-4b2b-99f3-c623d39b0f9b 4347 5786 7248 -edge_4_0_+disjointig_5_481_1929 1 1447 1448 -1 -1 1386 0.0173693
	Aln	7	-dc907340-62d1-4b2b-99f3-c623d39b0f9b 5788 7227 7248 -edge_4_0_+disjointig_5_481_1929 1 1447 1448 -1 -1 1369 0.0185397
Chain
	Aln	7	+d63f4a0a-d336-4565-81fd-eb0725369b9d 33 1427 10738 -edge_4_0_+disjointig_5_481_1929 38 1435 1448 -1 -1 880 0.074944
	Aln	7	+d63f4a0a-d336-4565-81fd-eb0725369b9d 1387 2793 10738 -edge_4_2_+disjointig_5_3241_4671 9 1407 1430 -1 -1 853 0.0817394
	Aln	7	+d63f4a0a-d336-4565-81fd-eb0725369b9d 2745 4034 10738 -edge_4_1_+disjointig_5_1929_3241 17 1299 1312 -1 -1 753 0.0801207
	Aln	7	+d63f4a0a-d336-4565-81fd-eb0725369b9d 3994 5378 10738 -edge_4_0_+disjointig_5_481_1929 38 1431 1448 -1 -1 874 0.075849
	Aln	7	+d63f4a0a-d336-4565-81fd-eb0725369b9d 5342 6726 10738 -edge_4_0_+disjointig_5_481_1929 38 1431 1448 -1 -1 868 0.0766282
	Aln	7	+d63f4a0a-d336-4565-81fd-eb0725369b9d 6690 8081 10738 -edge_4_0_+disjointig_5_481_1929 38 1435 1448 -1 -1 869 0.0764839
	Aln	7	+d63f4a0a-d336-4565-81fd-eb0725369b9d 8041 9431 10738 -edge_4_0_+disjointig_5_481_1929 38 1435 1448 -1 -1 892 0.0731477
	Aln	7	+d63f4a0a-d336-4565-81fd-eb0725369b9d 9391 10694 10738 -edge_4_0_+disjointig_5_481_1929 38 1362 1448 -1 -1 774 0.0806271
Chain
	Aln	6	-d63f4a0a-d336-4565-81fd-eb0725369b9d 43 1346 10738 +edge_4_0_+disjointig_5_481_1929 85 1409 1448 -1 -1 774 0.0806271
	Aln	6	-d63f4a0a-d336-4565-81fd-eb0725369b9d 1306 2696 10738 +edge_4_0_+disjointig_5_481_1929 12 1409 1448 -1 -1 892 0.0731477
	Aln	6	-d63f4a0a-d336-4565-81fd-eb0725369b9d 2656 4047 10738 +edge_4_0_+disjointig_5_481_1929 12 1409 1448 -1 -1 869 0.0764839
	Aln	6	-d63f4a0a-d336-4565-81fd-eb0725369b9d 4011 5395 10738 +edge_4_0_+disjointig_5_481_1929 16 1409 1448 -1 -1 868 0.0766282
	Aln	6	-d63f4a0a-d336-4565-81fd-eb0725369b9d 5359 6743 10738 +edge_4_0_+disjointig_5_481_1929 16 1409 1448 -1 -1 874 0.075849
	Aln	6	-d63f4a0a-d336-4565-81fd-eb0725369b9d 6703 7992 10738 +edge_4_1_+disjointig_5_1929_3241 12 1294 1312 -1 -1 753 0.0801207
	Aln	6	-d63f4a0a-d336-4565-81fd-eb0725369b9d 7944 9350 10738 +edge_4_2_+disjointig_5_3241_4671 22 1420 1430 -1 -1 853 0.0817394
	Aln	6	-d63f4a0a-d336-4565-81fd-eb0725369b9d 9310 10704 10738 +edge_4_0_+disjointig_5_481_1929 12 1409 1448 -1 -1 880 0.074944
Chain
	Aln	7	+528acea5-8923-4fd3-ba5f-0c3d71b7557d 68 1577 2993 -edge_4_0_+disjointig_5_481_1929 1 1447 1448 -1 -1 1356 0.0208796
	Aln	7	+528acea5-8923-4fd3-ba5f-0c3d71b7557d 1579 2991 2993 -edge_4_0_+disjointig_5_481_1929 1 1422 1448 -1 -1 1386 0.0144431
Chain
	Aln	6	-528acea5-8923-4fd3-ba5f-0c3d71b7557d 1 1413 2993 +edge_4_0_+disjointig_5_481_1929 25 1446 1448 -1 -1 1386 0.0144431
	Aln	6	-528acea5-8923-4fd3-ba5f-0c3d71b7557d 1415 2924 2993 +edge_4_0_+disjointig_5_481_1929 0 1446 1448 -1 -1 1356 0.0208796
Chain
	Aln	9	+72ce95f2-ba94-48b2-9e95-943aede3bf23 2 1363 7783 -edge_5_0_+disjointig_5_4671_6023 1 1351 1352 -1 -1 1195 0.022855
Chain
	Aln	7	+72ce95f2-ba94-48b2-9e95-943aede3bf23 1379 2794 7783 -edge_4_2_+disjointig_5_3241_4671 15 1429 1430 -1 -1 1275 0.0253372
	Aln	7	+72ce95f2-ba94-48b2-9e95-943aede3bf23 2768 4191 7783 -edge_4_0_+disjointig_5_481_1929 1 1435 1448 -1 -1 1282 0.0256715
	Aln	7	+72ce95f2-ba94-48b2-9e95-943aede3bf23 4144 5571 7783 -edge_4_2_+disjointig_5_3241_4671 1 1423 1430 -1 -1 1310 0.0302578
Chain
	Aln	6	-72ce95f2-ba94-48b2-9e95-943aede3bf23 2211 3638 7783 +edge_4_2_+disjointig_5_3241_4671 6 1428 1430 -1 -1 1310 0.0302578
	Aln	6	-72ce95f2-ba94-48b2-9e95-943aede3bf23 3591 5014 7783 +edge_4_0_+disjointig_5_481_1929 12 1446 1448 -1 -1 1282 0.0256715
	Aln	6	-72ce95f2-ba94-48b2-9e95-943aede3bf23 4988 6403 7783 +edge_4_2_+disjointig_5_3241_4671 0 1414 1430 -1 -1 1275 0.0253372
Chain
	Aln	8	-72ce95f2-ba94-48b2-9e95-943aede3bf23 6419 7780 7783 +edge_5_0_+disjointig_5_4671_6023 0 1350 1352 -1 -1 1195 0.022855
Chain
	Aln	9	+6c20b451-d9ea-485a-bf4a-9a259f15efab 1 788 11894 -edge_5_0_+disjointig_5_4671_6023 281 1236 1352 -1 -1 248 0.121448
Chain
	Aln	7	+6c20b451-d9ea-485a-bf4a-9a259f15efab 1184 2324 11894 -edge_4_1_+disjointig_5_1929_3241 176 1311 1312 -1 -1 1114 0.0116012
	Aln	7	+6c20b451-d9ea-485a-bf4a-9a259f15efab 2354 3674 11894 -edge_4_1_+disjointig_5_1929_3241 1 1311 1312 -1 -1 1283 0.0118411
	Aln	7	+6c20b451-d9ea-485a-bf4a-9a259f15efab 3704 5025 11894 -edge_4_1_+disjointig_5_1929_3241 1 1311 1312 -1 -1 1289 0.0115017
	Aln	7	+6c20b451-d9ea-485a-bf4a-9a259f15efab 5055 6371 11894 -edge_4_1_+disjointig_5_1929_3241 1 1311 1312 -1 -1 1285 0.0130546
	Aln	7	+6c20b451-d9ea-485a-bf4a-9a259f15efab 6401 7713 11894 -edge_4_1_+disjointig_5_1929_3241 1 1311 1312 -1 -1 1273 0.0144168
	Aln	7	+6c20b451-d9ea-485a-bf4a-9a259f15efab 7668 9092 11894 -edge_4_2_+disjointig_5_3241_4671 15 1429 1430 -1 -1 1394 0.0119546
	Aln	7	+6c20b451-d9ea-485a-bf4a-9a259f15efab 9094 10528 11894 -edge_4_2_+disjointig_5_3241_4671 1 1429 1430 -1 -1 1404 0.0143411
	Aln	7	+6c20b451-d9ea-485a-bf4a-9a259f15efab 10502 11892 11894 -edge_4_0_+disjointig_5_481_1929 1 1404 1448 -1 -1 1360 0.0159255
Chain
	Aln	6	-6c20b451-d9ea-485a-bf4a-9a259f15efab 1 1391 11894 +edge_4_0_+disjointig_5_481_1929 43 1446 1448 -1 -1 1360 0.0159255
	Aln	6	-6c20b451-d9ea-485a-bf4a-9a259f15efab 1365 2799 11894 +edge_4_2_+disjointig_5_3241_4671 0 1428 1430 -1 -1 1404 0.0143411
	Aln	6	-6c20b451-d9ea-485a-bf4a-9a259f15efab 2801 4225 11894 +edge_4_2_+disjointig_5_3241_4671 0 1414 1430 -1 -1 1394 0.0119546
	Aln	6	-6c20b451-d9ea-485a-bf4a-9a259f15efab 4180 5492 11894 +edge_4_1_+disjointig_5_1929_3241 0 1310 1312 -1 -1 1273 0.0144168
	Aln	6	-6c20b451-d9ea-485a-bf4a-9a259f15efab 5522 6838 11894 +edge_4_1_+disjointig_5_1929_3241 0 1310 1312 -1 -1 1285 0.0130546
	Aln	6	-6c20b451-d9ea-485a-bf4a-9a259f15efab 6868 8189 11894 +edge_4_1_+disjointig_5_1929_3241 0 1310 1312 -1 -1 1289 0.0115017
	Aln	6	-6c20b451-d9ea-485a-bf4a-9a259f15efab 8219 9539 11894 +edge_4_1_+disjointig_5_1929_3241 0 1310 1312 -1 -1 1283 0.0118411
	Aln	6	-6c20b451-d9ea-485a-bf4a-9a259f15efab 9569 10709 11894 +edge_4_1_+disjointig_5_1929_3241 0 1135 1312 -1 -1 1114 0.0116012
Chain
	Aln	8	-6c20b451-d9ea-485a-bf4a-9a259f15efab 11105 11892 11894 +edge_5_0_+disjointig_5_4671_6023 115 1070 1352 -1 -1 248 0.121448
